      S          PHI         IOTA        SHEAR        VP         WELL        ITOR       ITOR'       PRES       PRES'
------------------------------------------------------------------------------------------------------------------------
  6.6667E-03  1.7831E-04 -1.0985E+00  2.2057E-02  7.3947E+00  2.8653E+00 -5.6640E-19  7.1922E-15  0.0000E+00  0.0000E+00
  1.3333E-02  3.5662E-04 -1.0984E+00  2.3315E-03  7.3943E+00  2.2479E+00 -5.8373E-18 -1.5188E-14  0.0000E+00  0.0000E+00
  2.0000E-02  5.3492E-04 -1.0984E+00  6.6967E-02  7.3939E+00  1.7947E+00 -2.0626E-18  2.0915E-14  0.0000E+00  0.0000E+00
  2.6667E-02  7.1323E-04 -1.0983E+00  1.1688E-01  7.3936E+00  1.5116E+00  3.7618E-18 -1.2080E-14  0.0000E+00  0.0000E+00
  3.3333E-02  8.9154E-04 -1.0981E+00  1.5397E-01  7.3934E+00  1.3633E+00  1.2760E-18  8.3093E-15  0.0000E+00  0.0000E+00
  4.0000E-02  1.0698E-03 -1.0979E+00  1.7337E-01  7.3931E+00  1.2978E+00  9.6193E-18  4.3485E-15  0.0000E+00  0.0000E+00
  4.6667E-02  1.2482E-03 -1.0977E+00  1.8237E-01  7.3929E+00  1.2831E+00 -1.0195E-18 -2.0490E-14  0.0000E+00  0.0000E+00
  5.3333E-02  1.4265E-03 -1.0974E+00  1.8116E-01  7.3927E+00  1.2977E+00 -1.3175E-17  2.0479E-15  0.0000E+00  0.0000E+00
  6.0000E-02  1.6048E-03 -1.0972E+00  1.7540E-01  7.3924E+00  1.3275E+00 -1.7349E-17 -8.3810E-15  0.0000E+00  0.0000E+00
  6.6667E-02  1.7831E-03 -1.0970E+00  1.6458E-01  7.3922E+00  1.3638E+00 -1.4245E-17  1.3090E-14  0.0000E+00  0.0000E+00
  7.3333E-02  1.9614E-03 -1.0967E+00  1.5233E-01  7.3920E+00  1.4010E+00 -2.1639E-17 -2.4309E-14  0.0000E+00  0.0000E+00
  8.0000E-02  2.1397E-03 -1.0966E+00  1.3763E-01  7.3917E+00  1.4359E+00 -2.8167E-17  1.4403E-14  0.0000E+00  0.0000E+00
  8.6667E-02  2.3180E-03 -1.0964E+00  1.2301E-01  7.3914E+00  1.4666E+00 -2.6057E-17 -1.1202E-14  0.0000E+00  0.0000E+00
  9.3333E-02  2.4963E-03 -1.0962E+00  1.0732E-01  7.3912E+00  1.4925E+00 -5.6179E-18  4.2221E-14  0.0000E+00  0.0000E+00
  1.0000E-01  2.6746E-03 -1.0961E+00  9.2443E-02  7.3909E+00  1.5135E+00 -2.0893E-19 -3.4013E-14  0.0000E+00  0.0000E+00
  1.0667E-01  2.8529E-03 -1.0960E+00  7.7179E-02  7.3906E+00  1.5297E+00  3.1027E-19  3.4803E-14  0.0000E+00  0.0000E+00
  1.1333E-01  3.0312E-03 -1.0959E+00  6.3088E-02  7.3904E+00  1.5416E+00  2.9779E-19 -3.4823E-14  0.0000E+00  0.0000E+00
  1.2000E-01  3.2095E-03 -1.0958E+00  4.9005E-02  7.3901E+00  1.5496E+00 -7.1503E-18  2.3520E-14  0.0000E+00  0.0000E+00
  1.2667E-01  3.3879E-03 -1.0958E+00  3.6253E-02  7.3898E+00  1.5542E+00 -4.9683E-17 -8.8078E-14  0.0000E+00  0.0000E+00
  1.3333E-01  3.5662E-03 -1.0957E+00  2.3721E-02  7.3895E+00  1.5559E+00 -4.9610E-17  8.8191E-14  0.0000E+00  0.0000E+00
  1.4000E-01  3.7445E-03 -1.0957E+00  1.2552E-02  7.3893E+00  1.5550E+00  2.4442E-18 -9.1786E-15  0.0000E+00  0.0000E+00
  1.4667E-01  3.9228E-03 -1.0957E+00  1.7099E-03  7.3890E+00  1.5521E+00  1.4946E-17  2.8157E-14  0.0000E+00  0.0000E+00
  1.5333E-01  4.1011E-03 -1.0957E+00 -7.7939E-03  7.3887E+00  1.5473E+00  3.0715E-17 -4.2190E-15  0.0000E+00  0.0000E+00
  1.6000E-01  4.2794E-03 -1.0957E+00 -1.6926E-02  7.3884E+00  1.5409E+00 -5.9930E-18 -5.1508E-14  0.0000E+00  0.0000E+00
  1.6667E-01  4.4577E-03 -1.0957E+00 -2.4793E-02  7.3882E+00  1.5331E+00 -6.2022E-17 -3.3552E-14  0.0000E+00  0.0000E+00
  1.7333E-01  4.6360E-03 -1.0958E+00 -3.2288E-02  7.3879E+00  1.5242E+00 -8.9898E-18  1.1407E-13  0.0000E+00  0.0000E+00
  1.8000E-01  4.8143E-03 -1.0958E+00 -3.8603E-02  7.3876E+00  1.5142E+00  4.3243E-17 -3.4768E-14  0.0000E+00  0.0000E+00
  1.8667E-01  4.9926E-03 -1.0959E+00 -4.4579E-02  7.3873E+00  1.5034E+00 -2.8501E-18 -3.5217E-14  0.0000E+00  0.0000E+00
  1.9333E-01  5.1709E-03 -1.0959E+00 -4.9487E-02  7.3871E+00  1.4917E+00 -2.4885E-17  1.7608E-15  0.0000E+00  0.0000E+00
  2.0000E-01  5.3492E-03 -1.0960E+00 -5.4105E-02  7.3868E+00  1.4794E+00 -7.0850E-18  2.5267E-14  0.0000E+00  0.0000E+00
  2.0667E-01  5.5275E-03 -1.0961E+00 -5.7752E-02  7.3865E+00  1.4665E+00 -9.0081E-18 -2.8188E-14  0.0000E+00  0.0000E+00
  2.1333E-01  5.7059E-03 -1.0962E+00 -6.1149E-02  7.3863E+00  1.4529E+00  6.4793E-18  5.1708E-14  0.0000E+00  0.0000E+00
  2.2000E-01  5.8842E-03 -1.0962E+00 -6.3704E-02  7.3860E+00  1.4390E+00  2.7174E-17 -2.0282E-14  0.0000E+00  0.0000E+00
  2.2667E-01  6.0625E-03 -1.0963E+00 -6.6084E-02  7.3858E+00  1.4247E+00 -2.0430E-17 -5.2013E-14  0.0000E+00  0.0000E+00
  2.3333E-01  6.2408E-03 -1.0964E+00 -6.7707E-02  7.3855E+00  1.4100E+00 -3.4557E-17  3.0561E-14  0.0000E+00  0.0000E+00
  2.4000E-01  6.4191E-03 -1.0965E+00 -6.9213E-02  7.3853E+00  1.3950E+00 -6.1805E-18  1.2535E-14  0.0000E+00  0.0000E+00
  2.4667E-01  6.5974E-03 -1.0966E+00 -7.0057E-02  7.3850E+00  1.3797E+00  3.5130E-17  5.0208E-14  0.0000E+00  0.0000E+00
  2.5333E-01  6.7757E-03 -1.0967E+00 -7.0839E-02  7.3848E+00  1.3642E+00  4.8056E-17 -3.0576E-14  0.0000E+00  0.0000E+00
  2.6000E-01  6.9540E-03 -1.0968E+00 -7.1024E-02  7.3845E+00  1.3485E+00 -1.1748E-18 -4.4201E-14  0.0000E+00  0.0000E+00
  2.6667E-01  7.1323E-03 -1.0969E+00 -7.1136E-02  7.3843E+00  1.3326E+00 -5.4582E-18  3.7696E-14  0.0000E+00  0.0000E+00
  2.7333E-01  7.3106E-03 -1.0970E+00 -7.0730E-02  7.3841E+00  1.3165E+00  2.6269E-17  1.0498E-14  0.0000E+00  0.0000E+00
  2.8000E-01  7.4889E-03 -1.0971E+00 -7.0395E-02  7.3838E+00  1.3006E+00  9.5558E-18 -3.5887E-14  0.0000E+00  0.0000E+00
  2.8667E-01  7.6672E-03 -1.0972E+00 -6.9620E-02  7.3836E+00  1.2845E+00  4.5847E-17  9.1018E-14  0.0000E+00  0.0000E+00
  2.9333E-01  7.8456E-03 -1.0972E+00 -6.8899E-02  7.3834E+00  1.2685E+00  5.2282E-17 -8.1245E-14  0.0000E+00  0.0000E+00
  3.0000E-01  8.0239E-03 -1.0973E+00 -6.7790E-02  7.3831E+00  1.2523E+00  5.3262E-17  8.2738E-14  0.0000E+00  0.0000E+00
  3.0667E-01  8.2022E-03 -1.0974E+00 -6.6769E-02  7.3829E+00  1.2363E+00  1.2888E-18 -1.6170E-13  0.0000E+00  0.0000E+00
  3.1333E-01  8.3805E-03 -1.0975E+00 -6.5413E-02  7.3827E+00  1.2202E+00 -2.7569E-17  1.1786E-13  0.0000E+00  0.0000E+00
  3.2000E-01  8.5588E-03 -1.0976E+00 -6.4171E-02  7.3825E+00  1.2042E+00 -2.0401E-18 -7.9079E-14  0.0000E+00  0.0000E+00
  3.2667E-01  8.7371E-03 -1.0977E+00 -6.2640E-02  7.3823E+00  1.1882E+00 -5.1685E-18  7.4328E-14  0.0000E+00  0.0000E+00
  3.3333E-01  8.9154E-03 -1.0978E+00 -6.1239E-02  7.3821E+00  1.1723E+00  2.5249E-17 -2.8113E-14  0.0000E+00  0.0000E+00
  3.4000E-01  9.0937E-03 -1.0978E+00 -5.9584E-02  7.3819E+00  1.1564E+00 -6.2180E-18 -1.9700E-14  0.0000E+00  0.0000E+00
  3.4667E-01  9.2720E-03 -1.0979E+00 -5.8077E-02  7.3817E+00  1.1406E+00  1.5134E-17  5.2145E-14  0.0000E+00  0.0000E+00
  3.5333E-01  9.4503E-03 -1.0980E+00 -5.6357E-02  7.3815E+00  1.1249E+00  9.5925E-17  7.0620E-14  0.0000E+00  0.0000E+00
  3.6000E-01  9.6286E-03 -1.0981E+00 -5.4798E-02  7.3813E+00  1.1094E+00  4.7569E-17 -1.4410E-13  0.0000E+00  0.0000E+00
  3.6667E-01  9.8069E-03 -1.0981E+00 -5.3049E-02  7.3811E+00  1.0938E+00 -6.9166E-17 -3.3289E-14  0.0000E+00  0.0000E+00
  3.7333E-01  9.9852E-03 -1.0982E+00 -5.1472E-02  7.3809E+00  1.0785E+00 -7.4980E-17  2.4455E-14  0.0000E+00  0.0000E+00
  3.8000E-01  1.0164E-02 -1.0983E+00 -4.9734E-02  7.3807E+00  1.0632E+00  1.0129E-17  1.0489E-13  0.0000E+00  0.0000E+00
  3.8667E-01  1.0342E-02 -1.0983E+00 -4.8177E-02  7.3805E+00  1.0480E+00  7.5896E-17 -4.9406E-15  0.0000E+00  0.0000E+00
  3.9333E-01  1.0520E-02 -1.0984E+00 -4.6480E-02  7.3803E+00  1.0329E+00 -9.4774E-17 -2.5444E-13  0.0000E+00  0.0000E+00
  4.0000E-01  1.0698E-02 -1.0985E+00 -4.4967E-02  7.3801E+00  1.0179E+00 -2.1287E-16  7.4960E-14  0.0000E+00  0.0000E+00
  4.0667E-01  1.0877E-02 -1.0985E+00 -4.3335E-02  7.3799E+00  1.0030E+00 -7.1845E-17  1.3938E-13  0.0000E+00  0.0000E+00
  4.1333E-01  1.1055E-02 -1.0986E+00 -4.1892E-02  7.3798E+00  9.8821E-01 -2.6932E-17 -7.1120E-14  0.0000E+00  0.0000E+00
  4.2000E-01  1.1233E-02 -1.0986E+00 -4.0347E-02  7.3796E+00  9.7350E-01 -4.1264E-17  4.9339E-14  0.0000E+00  0.0000E+00
  4.2667E-01  1.1412E-02 -1.0987E+00 -3.8991E-02  7.3794E+00  9.5891E-01  5.4964E-18  2.1735E-14  0.0000E+00  0.0000E+00
  4.3333E-01  1.1590E-02 -1.0987E+00 -3.7547E-02  7.3792E+00  9.4438E-01  2.7544E-18 -2.5903E-14  0.0000E+00  0.0000E+00
  4.4000E-01  1.1768E-02 -1.0988E+00 -3.6293E-02  7.3791E+00  9.2995E-01 -6.6776E-18  1.1567E-14  0.0000E+00  0.0000E+00
  4.4667E-01  1.1947E-02 -1.0988E+00 -3.4963E-02  7.3789E+00  9.1558E-01  2.1463E-17  3.1208E-14  0.0000E+00  0.0000E+00
  4.5333E-01  1.2125E-02 -1.0989E+00 -3.3826E-02  7.3787E+00  9.0132E-01  4.4668E-17  4.0661E-15  0.0000E+00  0.0000E+00
  4.6000E-01  1.2303E-02 -1.0989E+00 -3.2624E-02  7.3786E+00  8.8712E-01 -1.9692E-18 -7.4962E-14  0.0000E+00  0.0000E+00
  4.6667E-01  1.2482E-02 -1.0990E+00 -3.1605E-02  7.3784E+00  8.7299E-01 -4.2434E-17  1.3450E-14  0.0000E+00  0.0000E+00
  4.7333E-01  1.2660E-02 -1.0990E+00 -3.0522E-02  7.3783E+00  8.5884E-01 -1.8228E-17  2.3348E-14  0.0000E+00  0.0000E+00
  4.8000E-01  1.2838E-02 -1.0990E+00 -2.9627E-02  7.3781E+00  8.4486E-01  1.6886E-17  3.0033E-14  0.0000E+00  0.0000E+00
  4.8667E-01  1.3016E-02 -1.0991E+00 -2.8694E-02  7.3780E+00  8.3090E-01 -1.8557E-17 -8.3917E-14  0.0000E+00  0.0000E+00
  4.9333E-01  1.3195E-02 -1.0991E+00 -2.7945E-02  7.3778E+00  8.1701E-01 -7.3782E-17 -3.9585E-17  0.0000E+00  0.0000E+00
  5.0000E-01  1.3373E-02 -1.0992E+00 -2.7154E-02  7.3777E+00  8.0311E-01  2.6603E-17  1.5266E-13  0.0000E+00  0.0000E+00
  5.0667E-01  1.3551E-02 -1.0992E+00 -2.6546E-02  7.3775E+00  7.8928E-01  8.7787E-17 -5.9639E-14  0.0000E+00  0.0000E+00
  5.1333E-01  1.3730E-02 -1.0992E+00 -2.5905E-02  7.3774E+00  7.7542E-01  4.3446E-17 -7.7744E-15  0.0000E+00  0.0000E+00
  5.2000E-01  1.3908E-02 -1.0993E+00 -2.5439E-02  7.3773E+00  7.6165E-01 -3.7894E-18 -6.4043E-14  0.0000E+00  0.0000E+00
  5.2667E-01  1.4086E-02 -1.0993E+00 -2.4937E-02  7.3771E+00  7.4779E-01  7.3196E-17  1.8110E-13  0.0000E+00  0.0000E+00
  5.3333E-01  1.4265E-02 -1.0993E+00 -2.4598E-02  7.3770E+00  7.3397E-01  5.1657E-17 -2.1385E-13  0.0000E+00  0.0000E+00
  5.4000E-01  1.4443E-02 -1.0994E+00 -2.4240E-02  7.3769E+00  7.2016E-01  3.1220E-17  1.8278E-13  0.0000E+00  0.0000E+00
  5.4667E-01  1.4621E-02 -1.0994E+00 -2.4054E-02  7.3767E+00  7.0638E-01  7.5227E-17 -1.1587E-13  0.0000E+00  0.0000E+00
  5.5333E-01  1.4800E-02 -1.0994E+00 -2.3846E-02  7.3766E+00  6.9254E-01  1.9485E-17  3.1112E-14  0.0000E+00  0.0000E+00
  5.6000E-01  1.4978E-02 -1.0994E+00 -2.3797E-02  7.3765E+00  6.7869E-01  2.8420E-17 -1.7526E-14  0.0000E+00  0.0000E+00
  5.6667E-01  1.5156E-02 -1.0995E+00 -2.3732E-02  7.3764E+00  6.6478E-01  3.2200E-17  2.3274E-14  0.0000E+00  0.0000E+00
  5.7333E-01  1.5334E-02 -1.0995E+00 -2.3825E-02  7.3763E+00  6.5085E-01  7.8960E-17  4.7830E-14  0.0000E+00  0.0000E+00
  5.8000E-01  1.5513E-02 -1.0995E+00 -2.3903E-02  7.3761E+00  6.3684E-01  1.5958E-17 -1.4364E-13  0.0000E+00  0.0000E+00
  5.8667E-01  1.5691E-02 -1.0996E+00 -2.4129E-02  7.3760E+00  6.2277E-01  1.1991E-17  1.3761E-13  0.0000E+00  0.0000E+00
  5.9333E-01  1.5869E-02 -1.0996E+00 -2.4343E-02  7.3759E+00  6.0863E-01  4.9109E-17 -8.1161E-14  0.0000E+00  0.0000E+00
  6.0000E-01  1.6048E-02 -1.0996E+00 -2.4702E-02  7.3758E+00  5.9440E-01 -9.2835E-18 -7.6366E-15  0.0000E+00  0.0000E+00
  6.0667E-01  1.6226E-02 -1.0997E+00 -2.5049E-02  7.3757E+00  5.8006E-01  3.9053E-17  8.1144E-14  0.0000E+00  0.0000E+00
  6.1333E-01  1.6404E-02 -1.0997E+00 -2.5533E-02  7.3756E+00  5.6565E-01  1.1496E-16  3.4297E-14  0.0000E+00  0.0000E+00
  6.2000E-01  1.6583E-02 -1.0997E+00 -2.6004E-02  7.3755E+00  5.5109E-01  7.7344E-17 -9.1509E-14  0.0000E+00  0.0000E+00
  6.2667E-01  1.6761E-02 -1.0998E+00 -2.6608E-02  7.3754E+00  5.3645E-01  2.6626E-17  1.4378E-14  0.0000E+00  0.0000E+00
  6.3333E-01  1.6939E-02 -1.0998E+00 -2.7202E-02  7.3753E+00  5.2163E-01  3.0054E-17 -9.1646E-15  0.0000E+00  0.0000E+00
  6.4000E-01  1.7118E-02 -1.0998E+00 -2.7918E-02  7.3752E+00  5.0672E-01 -2.5797E-17 -7.5776E-14  0.0000E+00  0.0000E+00
  6.4667E-01  1.7296E-02 -1.0999E+00 -2.8620E-02  7.3751E+00  4.9157E-01 -1.3973E-16 -9.7494E-14  0.0000E+00  0.0000E+00
  6.5333E-01  1.7474E-02 -1.0999E+00 -2.9438E-02  7.3750E+00  4.7632E-01 -2.5742E-17  2.7085E-13  0.0000E+00  0.0000E+00
  6.6000E-01  1.7652E-02 -1.1000E+00 -3.0247E-02  7.3750E+00  4.6085E-01  5.2545E-17 -1.5179E-13  0.0000E+00  0.0000E+00
  6.6667E-01  1.7831E-02 -1.1000E+00 -3.1163E-02  7.3749E+00  4.4523E-01 -6.4637E-17 -2.6430E-14  0.0000E+00  0.0000E+00
  6.7333E-01  1.8009E-02 -1.1000E+00 -3.2063E-02  7.3748E+00  4.2934E-01 -3.1601E-18  1.1993E-13  0.0000E+00  0.0000E+00
  6.8000E-01  1.8187E-02 -1.1001E+00 -3.3060E-02  7.3747E+00  4.1323E-01  1.2380E-16  7.3165E-14  0.0000E+00  0.0000E+00
  6.8667E-01  1.8366E-02 -1.1001E+00 -3.4043E-02  7.3747E+00  3.9687E-01  6.5520E-17 -1.6181E-13  0.0000E+00  0.0000E+00
  6.9333E-01  1.8544E-02 -1.1002E+00 -3.5115E-02  7.3746E+00  3.8026E-01  8.7369E-17  1.9504E-13  0.0000E+00  0.0000E+00
  7.0000E-01  1.8722E-02 -1.1002E+00 -3.6164E-02  7.3745E+00  3.6336E-01  1.6671E-16 -7.4369E-14  0.0000E+00  0.0000E+00
  7.0667E-01  1.8901E-02 -1.1003E+00 -3.7288E-02  7.3745E+00  3.4621E-01  2.0138E-17 -1.4856E-13  0.0000E+00  0.0000E+00
  7.1333E-01  1.9079E-02 -1.1003E+00 -3.8383E-02  7.3744E+00  3.2876E-01 -4.5043E-17  4.9423E-14  0.0000E+00  0.0000E+00
  7.2000E-01  1.9257E-02 -1.1004E+00 -3.9540E-02  7.3743E+00  3.1101E-01 -4.9999E-17 -5.6962E-14  0.0000E+00  0.0000E+00
  7.2667E-01  1.9436E-02 -1.1004E+00 -4.0664E-02  7.3743E+00  2.9285E-01 -4.6597E-17  6.2137E-14  0.0000E+00  0.0000E+00
  7.3333E-01  1.9614E-02 -1.1005E+00 -4.1846E-02  7.3742E+00  2.7449E-01 -5.5680E-17 -7.5953E-14  0.0000E+00  0.0000E+00
  7.4000E-01  1.9792E-02 -1.1005E+00 -4.2999E-02  7.3742E+00  2.5601E-01 -1.8106E-16 -1.1476E-13  0.0000E+00  0.0000E+00
  7.4667E-01  1.9970E-02 -1.1006E+00 -4.4206E-02  7.3741E+00  2.3702E-01 -7.0046E-17  2.8362E-13  0.0000E+00  0.0000E+00
  7.5333E-01  2.0149E-02 -1.1006E+00 -4.5373E-02  7.3741E+00  2.1761E-01  2.7029E-17 -1.3596E-13  0.0000E+00  0.0000E+00
  7.6000E-01  2.0327E-02 -1.1007E+00 -4.6578E-02  7.3741E+00  1.9787E-01  2.1820E-17  1.2804E-13  0.0000E+00  0.0000E+00
  7.6667E-01  2.0505E-02 -1.1008E+00 -4.7735E-02  7.3740E+00  1.7770E-01 -5.6300E-18 -1.6979E-13  0.0000E+00  0.0000E+00
  7.7333E-01  2.0684E-02 -1.1008E+00 -4.8917E-02  7.3740E+00  1.5714E-01 -4.9870E-17  1.0250E-13  0.0000E+00  0.0000E+00
  7.8000E-01  2.0862E-02 -1.1009E+00 -5.0043E-02  7.3740E+00  1.3612E-01 -1.8538E-17 -5.4839E-14  0.0000E+00  0.0000E+00
  7.8667E-01  2.1040E-02 -1.1010E+00 -5.1178E-02  7.3740E+00  1.1466E-01 -2.2629E-17  4.8616E-14  0.0000E+00  0.0000E+00
  7.9333E-01  2.1219E-02 -1.1010E+00 -5.2250E-02  7.3739E+00  9.2671E-02  8.8306E-17  1.2013E-13  0.0000E+00  0.0000E+00
  8.0000E-01  2.1397E-02 -1.1011E+00 -5.3318E-02  7.3739E+00  7.0279E-02  4.6289E-17 -1.8404E-13  0.0000E+00  0.0000E+00
  8.0667E-01  2.1575E-02 -1.1012E+00 -5.4316E-02  7.3739E+00  4.7251E-02  1.7206E-17  1.3980E-13  0.0000E+00  0.0000E+00
  8.1333E-01  2.1754E-02 -1.1012E+00 -5.5297E-02  7.3739E+00  2.3748E-02 -4.8202E-18 -1.7331E-13  0.0000E+00  0.0000E+00
  8.2000E-01  2.1932E-02 -1.1013E+00 -5.6197E-02  7.3739E+00 -3.0547E-04  1.7835E-17  2.0777E-13  0.0000E+00  0.0000E+00
  8.2667E-01  2.2110E-02 -1.1014E+00 -5.7063E-02  7.3739E+00 -2.4878E-02  3.8368E-17 -1.7654E-13  0.0000E+00  0.0000E+00
  8.3333E-01  2.2288E-02 -1.1015E+00 -5.7835E-02  7.3739E+00 -5.0031E-02 -7.4549E-17  4.7761E-15  0.0000E+00  0.0000E+00
  8.4000E-01  2.2467E-02 -1.1015E+00 -5.8561E-02  7.3739E+00 -7.5756E-02 -6.1902E-17  1.4461E-14  0.0000E+00  0.0000E+00
  8.4667E-01  2.2645E-02 -1.1016E+00 -5.9180E-02  7.3739E+00 -1.0206E-01  9.2098E-17  2.1979E-13  0.0000E+00  0.0000E+00
  8.5333E-01  2.2823E-02 -1.1017E+00 -5.9734E-02  7.3740E+00 -1.2899E-01  1.0273E-16 -2.0362E-13  0.0000E+00  0.0000E+00
  8.6000E-01  2.3002E-02 -1.1018E+00 -6.0169E-02  7.3740E+00 -1.5655E-01  2.6300E-17  8.7354E-14  0.0000E+00  0.0000E+00
  8.6667E-01  2.3180E-02 -1.1019E+00 -6.0528E-02  7.3740E+00 -1.8474E-01  2.0088E-16  1.7820E-13  0.0000E+00  0.0000E+00
  8.7333E-01  2.3358E-02 -1.1019E+00 -6.0764E-02  7.3741E+00 -2.1350E-01  3.7025E-17 -4.2744E-13  0.0000E+00  0.0000E+00
  8.8000E-01  2.3537E-02 -1.1020E+00 -6.0912E-02  7.3741E+00 -2.4286E-01 -9.1840E-17  2.3142E-13  0.0000E+00  0.0000E+00
  8.8667E-01  2.3715E-02 -1.1021E+00 -6.0931E-02  7.3741E+00 -2.7286E-01  8.6532E-17  3.9893E-14  0.0000E+00  0.0000E+00
  8.9333E-01  2.3893E-02 -1.1022E+00 -6.0857E-02  7.3742E+00 -3.0347E-01 -8.6336E-18 -1.8465E-13  0.0000E+00  0.0000E+00
  9.0000E-01  2.4072E-02 -1.1023E+00 -6.0663E-02  7.3742E+00 -3.3461E-01 -8.6371E-17  6.6402E-14  0.0000E+00  0.0000E+00
  9.0667E-01  2.4250E-02 -1.1023E+00 -6.0384E-02  7.3743E+00 -3.6623E-01  2.0976E-19  6.5292E-14  0.0000E+00  0.0000E+00
  9.1333E-01  2.4428E-02 -1.1024E+00 -6.0002E-02  7.3744E+00 -3.9834E-01  2.1358E-18 -6.2362E-14  0.0000E+00  0.0000E+00
  9.2000E-01  2.4607E-02 -1.1025E+00 -5.9563E-02  7.3745E+00 -4.3085E-01  2.9804E-17  1.0444E-13  0.0000E+00  0.0000E+00
  9.2667E-01  2.4785E-02 -1.1026E+00 -5.9078E-02  7.3745E+00 -4.6365E-01  1.4416E-16  6.9494E-14  0.0000E+00  0.0000E+00
  9.3333E-01  2.4963E-02 -1.1027E+00 -5.8617E-02  7.3746E+00 -4.9649E-01  2.0086E-16  1.6744E-14  0.0000E+00  0.0000E+00
  9.4000E-01  2.5141E-02 -1.1027E+00 -5.8229E-02  7.3747E+00 -5.2936E-01  1.5148E-16 -9.1848E-14  0.0000E+00  0.0000E+00
  9.4667E-01  2.5320E-02 -1.1028E+00 -5.8027E-02  7.3748E+00 -5.6207E-01 -6.4524E-18 -1.4836E-13  0.0000E+00  0.0000E+00
  9.5333E-01  2.5498E-02 -1.1029E+00 -5.8134E-02  7.3749E+00 -5.9427E-01 -1.4890E-16 -6.8295E-14  0.0000E+00  0.0000E+00
  9.6000E-01  2.5676E-02 -1.1030E+00 -5.8752E-02  7.3750E+00 -6.2533E-01 -7.3077E-17  1.8362E-13  0.0000E+00  0.0000E+00
  9.6667E-01  2.5855E-02 -1.1030E+00 -6.0123E-02  7.3751E+00 -6.5459E-01  4.3920E-17 -5.6781E-15  0.0000E+00  0.0000E+00
  9.7333E-01  2.6033E-02 -1.1031E+00 -6.2597E-02  7.3753E+00 -6.8116E-01  1.1495E-16  1.1370E-13  0.0000E+00  0.0000E+00
  9.8000E-01  2.6211E-02 -1.1032E+00 -6.6580E-02  7.3754E+00 -7.0373E-01  1.7414E-16 -2.3675E-14  0.0000E+00  0.0000E+00
  9.8667E-01  2.6390E-02 -1.1033E+00 -7.2708E-02  7.3755E+00 -7.1751E-01  2.4055E-16  1.2468E-13  0.0000E+00  0.0000E+00
  9.9333E-01  2.6568E-02 -1.1034E+00 -8.0070E-02  7.3756E+00 -7.2131E-01  2.3887E-16 -1.2724E-13  0.0000E+00  0.0000E+00

      S        DMerc        DShear       DCurr       DWell       Dgeod
----------------------------------------------------------------------------------------------------
  6.6667E-03 -2.4248E+08  6.6506E-03  3.8437E+01 -0.0000E+00 -2.4248E+08
  1.3333E-02 -1.3488E+06  7.4304E-05  9.2316E-01 -0.0000E+00 -1.3488E+06
  2.0000E-02 -8.3820E+04  6.1294E-02  1.3781E+01 -0.0000E+00 -8.3834E+04
  2.6667E-02 -1.8154E+04  1.8671E-01  1.8283E+01 -0.0000E+00 -1.8172E+04
  3.3333E-02 -7.6390E+03  3.2398E-01  1.9968E+01 -0.0000E+00 -7.6593E+03
  4.0000E-02 -4.5327E+03  4.1072E-01  1.9439E+01 -0.0000E+00 -4.5525E+03
  4.6667E-02 -3.1461E+03  4.5442E-01  1.7992E+01 -0.0000E+00 -3.1645E+03
  5.3333E-02 -2.3744E+03  4.4843E-01  1.5888E+01 -0.0000E+00 -2.3907E+03
  6.0000E-02 -1.8921E+03  4.2033E-01  1.3732E+01 -0.0000E+00 -1.9062E+03
  6.6667E-02 -1.5678E+03  3.7005E-01  1.1557E+01 -0.0000E+00 -1.5797E+03
  7.3333E-02 -1.3396E+03  3.1698E-01  9.6106E+00 -0.0000E+00 -1.3496E+03
  8.0000E-02 -1.1731E+03  2.5872E-01  7.8316E+00 -0.0000E+00 -1.1812E+03
  8.6667E-02 -1.0470E+03  2.0667E-01  6.3254E+00 -0.0000E+00 -1.0535E+03
  9.3333E-02 -9.4902E+02  1.5729E-01  5.0085E+00 -0.0000E+00 -9.5418E+02
  1.0000E-01 -8.7043E+02  1.1670E-01  3.9251E+00 -0.0000E+00 -8.7447E+02
  1.0667E-01 -8.0615E+02  8.1339E-02  2.9967E+00 -0.0000E+00 -8.0923E+02
  1.1333E-01 -7.5217E+02  5.4346E-02  2.2474E+00 -0.0000E+00 -7.5448E+02
  1.2000E-01 -7.0625E+02  3.2789E-02  1.6106E+00 -0.0000E+00 -7.0790E+02
  1.2667E-01 -6.6658E+02  1.7943E-02  1.1029E+00 -0.0000E+00 -6.6770E+02
  1.3333E-01 -6.3156E+02  7.6816E-03  6.7227E-01 -0.0000E+00 -6.3224E+02
  1.4000E-01 -6.0018E+02  2.1507E-03  3.3297E-01 -0.0000E+00 -6.0051E+02
  1.4667E-01 -5.7170E+02  3.9909E-05  4.2732E-02 -0.0000E+00 -5.7174E+02
  1.5333E-01 -5.4600E+02  8.2907E-04 -1.8402E-01 -0.0000E+00 -5.4581E+02
  1.6000E-01 -5.2240E+02  3.9098E-03 -3.8000E-01 -0.0000E+00 -5.2203E+02
  1.6667E-01 -5.0047E+02  8.3879E-03 -5.3178E-01 -0.0000E+00 -4.9994E+02
  1.7333E-01 -4.7993E+02  1.4225E-02 -6.6564E-01 -0.0000E+00 -4.7928E+02
  1.8000E-01 -4.6063E+02  2.0332E-02 -7.6690E-01 -0.0000E+00 -4.5988E+02
  1.8667E-01 -4.4253E+02  2.7113E-02 -8.5761E-01 -0.0000E+00 -4.4170E+02
  1.9333E-01 -4.2528E+02  3.3410E-02 -9.2457E-01 -0.0000E+00 -4.2439E+02
  2.0000E-01 -4.0891E+02  3.9933E-02 -9.8752E-01 -0.0000E+00 -4.0797E+02
  2.0667E-01 -3.9341E+02  4.5494E-02 -1.0312E+00 -0.0000E+00 -3.9242E+02
  2.1333E-01 -3.7881E+02  5.1001E-02 -1.0696E+00 -0.0000E+00 -3.7780E+02
  2.2000E-01 -3.6510E+02  5.5347E-02 -1.0935E+00 -0.0000E+00 -3.6406E+02
  2.2667E-01 -3.5196E+02  5.9556E-02 -1.1184E+00 -0.0000E+00 -3.5091E+02
  2.3333E-01 -3.3931E+02  6.2512E-02 -1.1303E+00 -0.0000E+00 -3.3825E+02
  2.4000E-01 -3.2732E+02  6.5320E-02 -1.1417E+00 -0.0000E+00 -3.2624E+02
  2.4667E-01 -3.1591E+02  6.6918E-02 -1.1416E+00 -0.0000E+00 -3.1483E+02
  2.5333E-01 -3.0496E+02  6.8416E-02 -1.1434E+00 -0.0000E+00 -3.0388E+02
  2.6000E-01 -2.9445E+02  6.8769E-02 -1.1363E+00 -0.0000E+00 -2.9338E+02
  2.6667E-01 -2.8445E+02  6.8982E-02 -1.1264E+00 -0.0000E+00 -2.8340E+02
  2.7333E-01 -2.7495E+02  6.8192E-02 -1.1042E+00 -0.0000E+00 -2.7392E+02
  2.8000E-01 -2.6604E+02  6.7544E-02 -1.0860E+00 -0.0000E+00 -2.6502E+02
  2.8667E-01 -2.5743E+02  6.6062E-02 -1.0625E+00 -0.0000E+00 -2.5643E+02
  2.9333E-01 -2.4917E+02  6.4696E-02 -1.0407E+00 -0.0000E+00 -2.4820E+02
  3.0000E-01 -2.4130E+02  6.2625E-02 -1.0115E+00 -0.0000E+00 -2.4036E+02
  3.0667E-01 -2.3389E+02  6.0749E-02 -9.8456E-01 -0.0000E+00 -2.3296E+02
  3.1333E-01 -2.2678E+02  5.8305E-02 -9.5295E-01 -0.0000E+00 -2.2589E+02
  3.2000E-01 -2.2001E+02  5.6107E-02 -9.2429E-01 -0.0000E+00 -2.1914E+02
  3.2667E-01 -2.1348E+02  5.3460E-02 -8.9069E-01 -0.0000E+00 -2.1264E+02
  3.3333E-01 -2.0721E+02  5.1092E-02 -8.5943E-01 -0.0000E+00 -2.0641E+02
  3.4000E-01 -2.0124E+02  4.8365E-02 -8.2463E-01 -0.0000E+00 -2.0046E+02
  3.4667E-01 -1.9555E+02  4.5947E-02 -7.9313E-01 -0.0000E+00 -1.9481E+02
  3.5333E-01 -1.9011E+02  4.3263E-02 -7.5848E-01 -0.0000E+00 -1.8939E+02
  3.6000E-01 -1.8488E+02  4.0900E-02 -7.2653E-01 -0.0000E+00 -1.8419E+02
  3.6667E-01 -1.7988E+02  3.8330E-02 -6.9208E-01 -0.0000E+00 -1.7923E+02
  3.7333E-01 -1.7512E+02  3.6082E-02 -6.6094E-01 -0.0000E+00 -1.7449E+02
  3.8000E-01 -1.7054E+02  3.3686E-02 -6.2773E-01 -0.0000E+00 -1.6994E+02
  3.8667E-01 -1.6615E+02  3.1608E-02 -5.9777E-01 -0.0000E+00 -1.6559E+02
  3.9333E-01 -1.6194E+02  2.9419E-02 -5.6623E-01 -0.0000E+00 -1.6140E+02
  4.0000E-01 -1.5792E+02  2.7533E-02 -5.3783E-01 -0.0000E+00 -1.5741E+02
  4.0667E-01 -1.5408E+02  2.5569E-02 -5.0816E-01 -0.0000E+00 -1.5360E+02
  4.1333E-01 -1.5038E+02  2.3894E-02 -4.8174E-01 -0.0000E+00 -1.4992E+02
  4.2000E-01 -1.4680E+02  2.2163E-02 -4.5460E-01 -0.0000E+00 -1.4637E+02
  4.2667E-01 -1.4336E+02  2.0698E-02 -4.3047E-01 -0.0000E+00 -1.4295E+02
  4.3333E-01 -1.4011E+02  1.9192E-02 -4.0553E-01 -0.0000E+00 -1.3973E+02
  4.4000E-01 -1.3697E+02  1.7930E-02 -3.8345E-01 -0.0000E+00 -1.3661E+02
  4.4667E-01 -1.3395E+02  1.6640E-02 -3.6107E-01 -0.0000E+00 -1.3360E+02
  4.5333E-01 -1.3103E+02  1.5574E-02 -3.4147E-01 -0.0000E+00 -1.3071E+02
  4.6000E-01 -1.2835E+02  1.4486E-02 -3.2135E-01 -0.0000E+00 -1.2804E+02
  4.6667E-01 -1.2584E+02  1.3595E-02 -3.0368E-01 -0.0000E+00 -1.2555E+02
  4.7333E-01 -1.2326E+02  1.2679E-02 -2.8582E-01 -0.0000E+00 -1.2299E+02
  4.8000E-01 -1.2062E+02  1.1946E-02 -2.7049E-01 -0.0000E+00 -1.2036E+02
  4.8667E-01 -1.1805E+02  1.1205E-02 -2.5518E-01 -0.0000E+00 -1.1781E+02
  4.9333E-01 -1.1574E+02  1.0627E-02 -2.4187E-01 -0.0000E+00 -1.1551E+02
  5.0000E-01 -1.1348E+02  1.0034E-02 -2.2846E-01 -0.0000E+00 -1.1327E+02
  5.0667E-01 -1.1138E+02  9.5888E-03 -2.1731E-01 -0.0000E+00 -1.1117E+02
  5.1333E-01 -1.0930E+02  9.1312E-03 -2.0607E-01 -0.0000E+00 -1.0910E+02
  5.2000E-01 -1.0745E+02  8.8053E-03 -1.9637E-01 -0.0000E+00 -1.0726E+02
  5.2667E-01 -1.0565E+02  8.4608E-03 -1.8653E-01 -0.0000E+00 -1.0547E+02
  5.3333E-01 -1.0379E+02  8.2319E-03 -1.7843E-01 -0.0000E+00 -1.0362E+02
  5.4000E-01 -1.0185E+02  7.9937E-03 -1.7050E-01 -0.0000E+00 -1.0169E+02
  5.4667E-01 -1.0004E+02  7.8711E-03 -1.6395E-01 -0.0000E+00 -9.9882E+01
  5.5333E-01 -9.8389E+01  7.7355E-03 -1.5712E-01 -0.0000E+00 -9.8240E+01
  5.6000E-01 -9.6764E+01  7.7036E-03 -1.5160E-01 -0.0000E+00 -9.6620E+01
  5.6667E-01 -9.5233E+01  7.6610E-03 -1.4606E-01 -0.0000E+00 -9.5095E+01
  5.7333E-01 -9.3702E+01  7.7212E-03 -1.4170E-01 -0.0000E+00 -9.3568E+01
  5.8000E-01 -9.2288E+01  7.7717E-03 -1.3697E-01 -0.0000E+00 -9.2159E+01
  5.8667E-01 -9.0857E+01  7.9192E-03 -1.3316E-01 -0.0000E+00 -9.0731E+01
  5.9333E-01 -8.9547E+01  8.0595E-03 -1.2946E-01 -0.0000E+00 -8.9426E+01
  6.0000E-01 -8.8240E+01  8.2991E-03 -1.2666E-01 -0.0000E+00 -8.8122E+01
  6.0667E-01 -8.6985E+01  8.5337E-03 -1.2345E-01 -0.0000E+00 -8.6870E+01
  6.1333E-01 -8.5763E+01  8.8661E-03 -1.2082E-01 -0.0000E+00 -8.5651E+01
  6.2000E-01 -8.4573E+01  9.1961E-03 -1.1803E-01 -0.0000E+00 -8.4464E+01
  6.2667E-01 -8.3495E+01  9.6277E-03 -1.1593E-01 -0.0000E+00 -8.3389E+01
  6.3333E-01 -8.2401E+01  1.0062E-02 -1.1357E-01 -0.0000E+00 -8.2298E+01
  6.4000E-01 -8.1348E+01  1.0599E-02 -1.1138E-01 -0.0000E+00 -8.1248E+01
  6.4667E-01 -8.0252E+01  1.1138E-02 -1.0896E-01 -0.0000E+00 -8.0155E+01
  6.5333E-01 -7.9347E+01  1.1784E-02 -1.0705E-01 -0.0000E+00 -7.9252E+01
  6.6000E-01 -7.8410E+01  1.2440E-02 -1.0491E-01 -0.0000E+00 -7.8317E+01
  6.6667E-01 -7.7468E+01  1.3204E-02 -1.0272E-01 -0.0000E+00 -7.7378E+01
  6.7333E-01 -7.6490E+01  1.3978E-02 -1.0016E-01 -0.0000E+00 -7.6404E+01
  6.8000E-01 -7.5641E+01  1.4861E-02 -9.8026E-02 -0.0000E+00 -7.5558E+01
  6.8667E-01 -7.4909E+01  1.5757E-02 -9.5871E-02 -0.0000E+00 -7.4829E+01
  6.9333E-01 -7.4134E+01  1.6765E-02 -9.3630E-02 -0.0000E+00 -7.4057E+01
  7.0000E-01 -7.3310E+01  1.7781E-02 -9.0989E-02 -0.0000E+00 -7.3237E+01
  7.0667E-01 -7.2463E+01  1.8903E-02 -8.8349E-02 -0.0000E+00 -7.2394E+01
  7.1333E-01 -7.1812E+01  2.0029E-02 -8.5167E-02 -0.0000E+00 -7.1747E+01
  7.2000E-01 -7.1084E+01  2.1255E-02 -8.1776E-02 -0.0000E+00 -7.1023E+01
  7.2667E-01 -7.0075E+01  2.2480E-02 -7.7926E-02 -0.0000E+00 -7.0020E+01
  7.3333E-01 -6.9035E+01  2.3805E-02 -7.4738E-02 -0.0000E+00 -6.8984E+01
  7.4000E-01 -6.8489E+01  2.5135E-02 -7.0065E-02 -0.0000E+00 -6.8444E+01
  7.4667E-01 -6.8221E+01  2.6566E-02 -6.5784E-02 -0.0000E+00 -6.8182E+01
  7.5333E-01 -6.7808E+01  2.7986E-02 -6.1632E-02 -0.0000E+00 -6.7774E+01
  7.6000E-01 -6.7200E+01  2.9493E-02 -5.6998E-02 -0.0000E+00 -6.7172E+01
  7.6667E-01 -6.6591E+01  3.0976E-02 -5.1885E-02 -0.0000E+00 -6.6570E+01
  7.7333E-01 -6.6090E+01  3.2528E-02 -4.6186E-02 -0.0000E+00 -6.6077E+01
  7.8000E-01 -6.5549E+01  3.4043E-02 -4.0221E-02 -0.0000E+00 -6.5543E+01
  7.8667E-01 -6.4720E+01  3.5605E-02 -3.3398E-02 -0.0000E+00 -6.4722E+01
  7.9333E-01 -6.3807E+01  3.7111E-02 -2.6417E-02 -0.0000E+00 -6.3817E+01
  8.0000E-01 -6.3541E+01  3.8644E-02 -2.0265E-02 -0.0000E+00 -6.3559E+01
  8.0667E-01 -6.3346E+01  4.0104E-02 -1.4277E-02 -0.0000E+00 -6.3372E+01
  8.1333E-01 -6.2829E+01  4.1566E-02 -7.2567E-03 -0.0000E+00 -6.2864E+01
  8.2000E-01 -6.2174E+01  4.2930E-02  3.0285E-04  0.0000E+00 -6.2217E+01
  8.2667E-01 -6.1659E+01  4.4263E-02  7.9995E-03  0.0000E+00 -6.1711E+01
  8.3333E-01 -6.1334E+01  4.5470E-02  1.5926E-02  0.0000E+00 -6.1395E+01
  8.4000E-01 -6.0918E+01  4.6617E-02  2.3935E-02  0.0000E+00 -6.0989E+01
  8.4667E-01 -6.0275E+01  4.7610E-02  3.3093E-02  0.0000E+00 -6.0356E+01
  8.5333E-01 -5.9584E+01  4.8505E-02  4.2457E-02  0.0000E+00 -5.9675E+01
  8.6000E-01 -5.9282E+01  4.9215E-02  5.0616E-02  0.0000E+00 -5.9382E+01
  8.6667E-01 -5.8910E+01  4.9804E-02  5.9053E-02  0.0000E+00 -5.9019E+01
  8.7333E-01 -5.8276E+01  5.0193E-02  6.8779E-02  0.0000E+00 -5.8395E+01
  8.8000E-01 -5.7527E+01  5.0438E-02  7.8798E-02  0.0000E+00 -5.7656E+01
  8.8667E-01 -5.7021E+01  5.0470E-02  8.7929E-02  0.0000E+00 -5.7160E+01
  8.9333E-01 -5.6613E+01  5.0349E-02  9.6531E-02  0.0000E+00 -5.6760E+01
  9.0000E-01 -5.6010E+01  5.0029E-02  1.0579E-01  0.0000E+00 -5.6166E+01
  9.0667E-01 -5.5220E+01  4.9570E-02  1.1556E-01  0.0000E+00 -5.5385E+01
  9.1333E-01 -5.4359E+01  4.8947E-02  1.2494E-01  0.0000E+00 -5.4533E+01
  9.2000E-01 -5.3586E+01  4.8234E-02  1.3353E-01  0.0000E+00 -5.3767E+01
  9.2667E-01 -5.2623E+01  4.7452E-02  1.4195E-01  0.0000E+00 -5.2813E+01
  9.3333E-01 -5.1320E+01  4.6716E-02  1.5172E-01  0.0000E+00 -5.1518E+01
  9.4000E-01 -4.9681E+01  4.6101E-02  1.6231E-01  0.0000E+00 -4.9890E+01
  9.4667E-01 -4.8132E+01  4.5783E-02  1.6964E-01  0.0000E+00 -4.8347E+01
  9.5333E-01 -4.6199E+01  4.5953E-02  1.7726E-01  0.0000E+00 -4.6422E+01
  9.6000E-01 -4.3613E+01  4.6936E-02  1.8713E-01  0.0000E+00 -4.3847E+01
  9.6667E-01 -4.0380E+01  4.9155E-02  1.9786E-01  0.0000E+00 -4.0627E+01
  9.7333E-01 -3.6380E+01  5.3284E-02  2.1104E-01  0.0000E+00 -3.6644E+01
  9.8000E-01 -3.1815E+01  6.0283E-02  2.2614E-01  0.0000E+00 -3.2101E+01
  9.8667E-01 -2.5931E+01  7.1893E-02  2.4690E-01  0.0000E+00 -2.6249E+01
  9.9333E-01 -1.9367E+01  8.7193E-02  2.7128E-01  0.0000E+00 -1.9726E+01
