 THIS IS PARVMEC (PARALLEL VMEC), VERSION 9.0
 Lambda: Full Radial Mesh. L-Force: hybrid full/half.

 COMPUTER:    OS:    RELEASE:   DATE = Apr 04,2024  TIME = 17:46:26
 SHOT ID.: 1327932  SEQ. NO.:   0
 TIME SLICE =    0. ms

 COMPUTATION PARAMETERS: (u = theta, v = zeta)
 ---------------------------------------------
     ns     nu     nv     mu     mv
    151     26     24     10     10

 CONFIGURATION PARAMETERS:
 ---------------------------------------
    nfp      gamma      spres_ped    phiedge(wb)     curtor(A)        lRFP
      3  0.000E+00      1.000E+00      2.675E-02     0.000E+00           F

 RUN CONTROL PARAMETERS:
 -----------------------
  ncurr  niter   nsin  nstep  nvacskip      ftol     tcon0    lasym  lforbal lmove_axis lconm1
      1  30000      5    200         6  1.00E-14  2.00E+00        F        F        T        T
  mfilter_fbdy nfilter_fbdy lfull3d1out max_main_iterations lgiveup fgiveup
           -1           -1           F                   1       F  3.0E+01

 PRECONDITIONER CONTROL PARAMETERS:
 ----------------------------------
  precon_type   prec2d_threshold
  none                  1.00E-19

 MASS PROFILE COEFFICIENTS - newton/m**2 (EXPANSION IN NORMALIZED RADIUS):
 PMASS parameterization type is 'power_series'
 -----------------------------------


 TOROIDAL CURRENT DENSITY (*V') COEFFICIENTS ac (EXPANSION IN NORMALIZED RADIUS):
 PCURR parameterization type is 'power_series'
 --------------------------------------


 NORMALIZED TOROIDAL FLUX COEFFICIENTS aphi (EXPANSION IN S):
 -----------------------------------
   1.000E+00

 R-Z FOURIER BOUNDARY COEFFICIENTS AND MAGNETIC AXIS INITIAL GUESS
 R = RBC*COS(m*u - n*v) + RBS*SIN(m*u - n*v), Z = ZBC*COS(m*u - n*v) + ZBS*SIN(m*u-n*v)
 --------------------------------------------------------------------------------------
   nb  mb     rbc         rbs         zbc         zbs       raxis(c)    raxis(s)    zaxis(c)    zaxis(s)
    0   0  9.9260E-01  0.0000E+00  0.0000E+00  0.0000E+00  0.0000E+00  0.0000E+00  0.0000E+00  0.0000E+00
    1   0  2.0729E-01  0.0000E+00  0.0000E+00  1.2495E-01  0.0000E+00  0.0000E+00  0.0000E+00  0.0000E+00
    2   0  2.8275E-02  0.0000E+00  0.0000E+00  1.7140E-02  0.0000E+00  0.0000E+00  0.0000E+00  0.0000E+00
    3   0  1.1163E-03  0.0000E+00  0.0000E+00  2.0600E-03  0.0000E+00  0.0000E+00  0.0000E+00  0.0000E+00
    4   0 -6.7090E-04  0.0000E+00  0.0000E+00 -8.2025E-04  0.0000E+00  0.0000E+00  0.0000E+00  0.0000E+00
    5   0  2.8251E-04  0.0000E+00  0.0000E+00 -6.2540E-04  0.0000E+00  0.0000E+00  0.0000E+00  0.0000E+00
    6   0  5.0450E-04  0.0000E+00  0.0000E+00 -2.2243E-04  0.0000E+00  0.0000E+00  0.0000E+00  0.0000E+00
    7   0  2.8626E-04  0.0000E+00  0.0000E+00  1.8843E-05  0.0000E+00  0.0000E+00  0.0000E+00  0.0000E+00
    8   0  7.4457E-05  0.0000E+00  0.0000E+00  4.7339E-05  0.0000E+00  0.0000E+00  0.0000E+00  0.0000E+00
    9   0 -6.8120E-06  0.0000E+00  0.0000E+00  1.5540E-05  0.0000E+00  0.0000E+00  0.0000E+00  0.0000E+00
   10   0 -1.4068E-05  0.0000E+00  0.0000E+00 -1.6066E-06  0.0000E+00  0.0000E+00  0.0000E+00  0.0000E+00
  -10   1 -2.1203E-05  0.0000E+00  0.0000E+00  1.1393E-05
   -9   1 -5.3621E-05  0.0000E+00  0.0000E+00  2.3072E-05
   -8   1 -1.1601E-04  0.0000E+00  0.0000E+00  3.1283E-05
   -7   1 -2.0265E-04  0.0000E+00  0.0000E+00  1.4546E-05
   -6   1 -2.3380E-04  0.0000E+00  0.0000E+00 -3.3265E-05
   -5   1 -1.5993E-04  0.0000E+00  0.0000E+00 -2.2043E-05
   -4   1 -1.9580E-04  0.0000E+00  0.0000E+00  4.8361E-05
   -3   1 -1.5430E-03  0.0000E+00  0.0000E+00  1.2879E-03
   -2   1 -8.2064E-03  0.0000E+00  0.0000E+00  5.5672E-03
   -1   1 -2.8677E-02  0.0000E+00  0.0000E+00  3.7755E-02
    0   1 -1.4021E-01  0.0000E+00  0.0000E+00  1.5258E-01
    1   1  9.8564E-02  0.0000E+00  0.0000E+00  1.0425E-01
    2   1  3.7974E-02  0.0000E+00  0.0000E+00  4.1051E-02
    3   1  8.0379E-03  0.0000E+00  0.0000E+00  5.9529E-03
    4   1  8.6608E-04  0.0000E+00  0.0000E+00  6.1609E-04
    5   1 -3.8395E-06  0.0000E+00  0.0000E+00 -1.3440E-04
    6   1  2.1418E-04  0.0000E+00  0.0000E+00 -1.0471E-04
    7   1  3.1810E-04  0.0000E+00  0.0000E+00 -4.0055E-05
    8   1  2.3595E-04  0.0000E+00  0.0000E+00  2.6388E-05
    9   1  1.1746E-04  0.0000E+00  0.0000E+00  3.8509E-05
   10   1  4.2769E-05  0.0000E+00  0.0000E+00  2.2323E-05
  -10   2  4.1564E-06  0.0000E+00  0.0000E+00 -1.3265E-06
   -9   2  1.5617E-05  0.0000E+00  0.0000E+00 -4.6673E-06
   -8   2  2.5658E-05  0.0000E+00  0.0000E+00 -1.0591E-05
   -7   2  1.4019E-05  0.0000E+00  0.0000E+00 -3.1146E-05
   -6   2 -7.3515E-05  0.0000E+00  0.0000E+00 -8.9012E-05
   -5   2 -2.7786E-04  0.0000E+00  0.0000E+00 -2.0984E-04
   -4   2 -5.2077E-04  0.0000E+00  0.0000E+00 -3.0393E-04
   -3   2 -4.2672E-04  0.0000E+00  0.0000E+00 -5.0978E-04
   -2   2  7.1091E-04  0.0000E+00  0.0000E+00 -4.3495E-04
   -1   2  3.5954E-03  0.0000E+00  0.0000E+00 -2.8514E-03
    0   2  1.4715E-02  0.0000E+00  0.0000E+00 -4.1686E-03
    1   2  8.5743E-03  0.0000E+00  0.0000E+00 -9.6233E-04
    2   2  2.0212E-02  0.0000E+00  0.0000E+00  1.5520E-02
    3   2  7.7302E-03  0.0000E+00  0.0000E+00  7.2687E-03
    4   2  1.5236E-03  0.0000E+00  0.0000E+00  1.0602E-03
    5   2 -1.0933E-04  0.0000E+00  0.0000E+00  2.3538E-04
    6   2 -2.8297E-04  0.0000E+00  0.0000E+00  1.2021E-04
    7   2 -1.3563E-04  0.0000E+00  0.0000E+00  5.5854E-05
    8   2  5.6709E-06  0.0000E+00  0.0000E+00  3.7783E-06
    9   2  5.5019E-05  0.0000E+00  0.0000E+00  5.2268E-07
   10   2  4.3400E-05  0.0000E+00  0.0000E+00  6.8859E-06
  -10   3  4.1617E-06  0.0000E+00  0.0000E+00 -2.3287E-07
   -9   3  2.1571E-06  0.0000E+00  0.0000E+00  2.5845E-06
   -8   3  3.5222E-06  0.0000E+00  0.0000E+00  7.8499E-06
   -7   3  2.4108E-05  0.0000E+00  0.0000E+00  1.8627E-05
   -6   3  6.7328E-05  0.0000E+00  0.0000E+00  3.1594E-05
   -5   3  1.0792E-04  0.0000E+00  0.0000E+00  3.2055E-05
   -4   3  7.2559E-05  0.0000E+00  0.0000E+00 -2.0150E-05
   -3   3 -7.9518E-05  0.0000E+00  0.0000E+00 -4.6211E-05
   -2   3 -1.0918E-04  0.0000E+00  0.0000E+00 -5.5018E-05
   -1   3  1.0458E-03  0.0000E+00  0.0000E+00  6.2861E-04
    0   3  7.0257E-04  0.0000E+00  0.0000E+00  8.6073E-04
    1   3  1.6440E-04  0.0000E+00  0.0000E+00  1.2836E-03
    2   3  2.0357E-03  0.0000E+00  0.0000E+00  2.3471E-03
    3   3  3.3076E-03  0.0000E+00  0.0000E+00  3.2383E-03
    4   3  9.5618E-04  0.0000E+00  0.0000E+00  1.2963E-03
    5   3  9.4053E-05  0.0000E+00  0.0000E+00  1.0142E-04
    6   3 -1.4913E-04  0.0000E+00  0.0000E+00 -1.7863E-05
    7   3 -2.0430E-04  0.0000E+00  0.0000E+00  3.0679E-06
    8   3 -1.5862E-04  0.0000E+00  0.0000E+00  8.6692E-06
    9   3 -7.6349E-05  0.0000E+00  0.0000E+00 -2.7467E-06
   10   3 -1.7907E-05  0.0000E+00  0.0000E+00 -5.2195E-06
  -10   4 -7.6802E-07  0.0000E+00  0.0000E+00 -2.2732E-06
   -9   4 -1.2341E-06  0.0000E+00  0.0000E+00 -3.7599E-06
   -8   4 -1.0547E-06  0.0000E+00  0.0000E+00 -3.9412E-06
   -7   4 -5.7341E-06  0.0000E+00  0.0000E+00  1.7660E-06
   -6   4 -1.3680E-05  0.0000E+00  0.0000E+00  2.3351E-05
   -5   4 -1.1608E-05  0.0000E+00  0.0000E+00  6.1224E-05
   -4   4  1.9439E-05  0.0000E+00  0.0000E+00  1.0137E-04
   -3   4  8.0820E-05  0.0000E+00  0.0000E+00  9.0703E-05
   -2   4  1.6159E-04  0.0000E+00  0.0000E+00  3.3230E-05
   -1   4  2.0940E-04  0.0000E+00  0.0000E+00 -3.1691E-05
    0   4  5.4114E-04  0.0000E+00  0.0000E+00 -8.6748E-05
    1   4  5.5982E-04  0.0000E+00  0.0000E+00 -5.1436E-04
    2   4  8.7532E-05  0.0000E+00  0.0000E+00 -4.4608E-04
    3   4  5.3292E-04  0.0000E+00  0.0000E+00  4.8125E-04
    4   4  5.8514E-04  0.0000E+00  0.0000E+00  5.6433E-04
    5   4  1.1640E-04  0.0000E+00  0.0000E+00  2.0733E-04
    6   4 -2.2111E-06  0.0000E+00  0.0000E+00 -7.5255E-06
    7   4 -6.0138E-05  0.0000E+00  0.0000E+00 -5.1925E-05
    8   4 -9.3925E-05  0.0000E+00  0.0000E+00 -4.7820E-05
    9   4 -8.3886E-05  0.0000E+00  0.0000E+00 -2.7029E-05
   10   4 -4.7927E-05  0.0000E+00  0.0000E+00 -1.1972E-05
  -10   5 -1.3349E-06  0.0000E+00  0.0000E+00  1.2066E-06
   -9   5 -6.6568E-07  0.0000E+00  0.0000E+00  8.8700E-07
   -8   5  1.3883E-06  0.0000E+00  0.0000E+00 -9.9265E-07
   -7   5  3.7538E-06  0.0000E+00  0.0000E+00 -6.4362E-06
   -6   5  8.0079E-06  0.0000E+00  0.0000E+00 -1.6151E-05
   -5   5  9.4129E-06  0.0000E+00  0.0000E+00 -2.6238E-05
   -4   5  5.4019E-06  0.0000E+00  0.0000E+00 -2.7597E-05
   -3   5  7.9779E-08  0.0000E+00  0.0000E+00 -1.1358E-05
   -2   5  5.2484E-07  0.0000E+00  0.0000E+00  1.1755E-05
   -1   5  3.7720E-05  0.0000E+00  0.0000E+00  2.1421E-05
    0   5  6.1499E-05  0.0000E+00  0.0000E+00 -3.8433E-05
    1   5  3.5455E-04  0.0000E+00  0.0000E+00 -1.1647E-04
    2   5 -3.6433E-04  0.0000E+00  0.0000E+00 -6.0994E-04
    3   5 -1.6714E-04  0.0000E+00  0.0000E+00 -3.3254E-04
    4   5  6.1936E-05  0.0000E+00  0.0000E+00  8.2199E-05
    5   5  1.0364E-04  0.0000E+00  0.0000E+00  1.2417E-04
    6   5  3.4713E-05  0.0000E+00  0.0000E+00  5.2003E-05
    7   5  7.3476E-06  0.0000E+00  0.0000E+00 -6.8914E-06
    8   5 -2.4364E-05  0.0000E+00  0.0000E+00 -3.6878E-05
    9   5 -4.1268E-05  0.0000E+00  0.0000E+00 -4.0049E-05
   10   5 -3.5703E-05  0.0000E+00  0.0000E+00 -2.5048E-05
  -10   6  4.9577E-07  0.0000E+00  0.0000E+00 -1.9614E-08
   -9   6  4.1125E-07  0.0000E+00  0.0000E+00  8.6844E-08
   -8   6 -2.4632E-07  0.0000E+00  0.0000E+00  7.7813E-07
   -7   6 -1.3470E-06  0.0000E+00  0.0000E+00  1.1764E-06
   -6   6 -1.6770E-06  0.0000E+00  0.0000E+00  1.4458E-06
   -5   6 -1.8008E-06  0.0000E+00  0.0000E+00 -2.5643E-07
   -4   6 -4.8867E-07  0.0000E+00  0.0000E+00 -3.1748E-06
   -3   6  8.0379E-07  0.0000E+00  0.0000E+00 -6.4013E-06
   -2   6  2.7010E-06  0.0000E+00  0.0000E+00 -3.7719E-06
   -1   6  4.7830E-06  0.0000E+00  0.0000E+00 -3.7979E-06
    0   6  2.5451E-05  0.0000E+00  0.0000E+00 -2.5827E-05
    1   6  7.7767E-05  0.0000E+00  0.0000E+00  2.0134E-06
    2   6  1.1698E-05  0.0000E+00  0.0000E+00 -5.0174E-04
    3   6 -5.0204E-04  0.0000E+00  0.0000E+00 -5.8704E-04
    4   6 -2.7528E-04  0.0000E+00  0.0000E+00 -2.8717E-04
    5   6 -5.0122E-05  0.0000E+00  0.0000E+00 -2.6712E-05
    6   6  2.9586E-05  0.0000E+00  0.0000E+00  2.8990E-05
    7   6  2.8459E-05  0.0000E+00  0.0000E+00  1.4895E-05
    8   6  9.4931E-06  0.0000E+00  0.0000E+00 -8.4061E-06
    9   6 -1.2004E-05  0.0000E+00  0.0000E+00 -2.2642E-05
   10   6 -1.9453E-05  0.0000E+00  0.0000E+00 -2.2640E-05
  -10   7 -1.1054E-07  0.0000E+00  0.0000E+00 -4.4486E-07
   -9   7 -2.5191E-07  0.0000E+00  0.0000E+00 -6.3589E-07
   -8   7 -1.3738E-07  0.0000E+00  0.0000E+00 -6.4942E-07
   -7   7 -2.0659E-07  0.0000E+00  0.0000E+00 -8.1200E-07
   -6   7 -6.3091E-07  0.0000E+00  0.0000E+00 -9.1946E-08
   -5   7 -1.9568E-06  0.0000E+00  0.0000E+00  1.1407E-06
   -4   7 -2.7714E-06  0.0000E+00  0.0000E+00  2.8089E-06
   -3   7 -1.6614E-06  0.0000E+00  0.0000E+00  3.9506E-06
   -2   7  1.4196E-06  0.0000E+00  0.0000E+00  4.5534E-06
   -1   7  1.0387E-06  0.0000E+00  0.0000E+00  1.0881E-05
    0   7 -2.0937E-05  0.0000E+00  0.0000E+00 -4.2767E-06
    1   7  2.6703E-05  0.0000E+00  0.0000E+00  5.1399E-05
    2   7 -6.0264E-04  0.0000E+00  0.0000E+00  1.6224E-04
    3   7  6.8825E-05  0.0000E+00  0.0000E+00  2.6116E-04
    4   7 -6.1687E-05  0.0000E+00  0.0000E+00  5.3495E-06
    5   7 -5.3153E-05  0.0000E+00  0.0000E+00 -5.9783E-05
    6   7 -6.8833E-06  0.0000E+00  0.0000E+00 -7.9352E-06
    7   7  1.7264E-05  0.0000E+00  0.0000E+00  1.0088E-05
    8   7  1.7571E-05  0.0000E+00  0.0000E+00  4.1988E-06
    9   7  7.0471E-06  0.0000E+00  0.0000E+00 -7.0800E-06
   10   7 -3.9260E-06  0.0000E+00  0.0000E+00 -1.2650E-05
  -10   8 -2.2525E-07  0.0000E+00  0.0000E+00  1.1090E-07
   -9   8 -1.4491E-07  0.0000E+00  0.0000E+00 -2.7673E-08
   -8   8  1.1920E-07  0.0000E+00  0.0000E+00 -2.5812E-07
   -7   8  3.4439E-07  0.0000E+00  0.0000E+00 -5.9433E-07
   -6   8  5.3677E-07  0.0000E+00  0.0000E+00 -8.7317E-07
   -5   8  3.2194E-07  0.0000E+00  0.0000E+00 -1.2731E-06
   -4   8 -3.6709E-07  0.0000E+00  0.0000E+00 -1.7686E-06
   -3   8 -1.5499E-06  0.0000E+00  0.0000E+00 -2.9526E-06
   -2   8 -3.2104E-06  0.0000E+00  0.0000E+00 -3.1874E-06
   -1   8 -3.8401E-06  0.0000E+00  0.0000E+00 -2.9828E-06
    0   8 -6.1452E-06  0.0000E+00  0.0000E+00  1.0580E-06
    1   8 -1.3807E-05  0.0000E+00  0.0000E+00  7.3345E-07
    2   8 -5.3927E-05  0.0000E+00  0.0000E+00  1.2462E-05
    3   8 -7.4745E-05  0.0000E+00  0.0000E+00  1.0224E-04
    4   8  1.4512E-04  0.0000E+00  0.0000E+00  1.8238E-04
    5   8  6.3961E-05  0.0000E+00  0.0000E+00  7.1112E-05
    6   8  1.7586E-05  0.0000E+00  0.0000E+00  3.7224E-06
    7   8  5.7114E-06  0.0000E+00  0.0000E+00  3.0478E-06
    8   8  6.3621E-06  0.0000E+00  0.0000E+00  6.2756E-06
    9   8  6.1282E-06  0.0000E+00  0.0000E+00  2.7049E-06
   10   8  2.5110E-06  0.0000E+00  0.0000E+00 -3.0731E-06
  -10   9  1.0712E-08  0.0000E+00  0.0000E+00 -2.7174E-08
   -9   9  1.5034E-07  0.0000E+00  0.0000E+00 -1.2903E-07
   -8   9  2.4187E-07  0.0000E+00  0.0000E+00 -2.3510E-07
   -7   9  3.6997E-07  0.0000E+00  0.0000E+00 -3.7130E-07
   -6   9  5.1238E-07  0.0000E+00  0.0000E+00 -3.8660E-07
   -5   9  1.8112E-07  0.0000E+00  0.0000E+00 -3.4000E-07
   -4   9  8.1194E-08  0.0000E+00  0.0000E+00 -8.4039E-08
   -3   9  2.7251E-07  0.0000E+00  0.0000E+00 -6.1838E-07
   -2   9 -3.9466E-07  0.0000E+00  0.0000E+00 -1.9477E-06
   -1   9 -2.3821E-06  0.0000E+00  0.0000E+00 -2.4507E-06
    0   9 -6.6714E-06  0.0000E+00  0.0000E+00 -2.5209E-06
    1   9 -1.1376E-06  0.0000E+00  0.0000E+00  1.4496E-06
    2   9  1.1253E-05  0.0000E+00  0.0000E+00  4.9031E-06
    3   9 -2.0502E-05  0.0000E+00  0.0000E+00  1.8796E-05
    4   9  1.5456E-05  0.0000E+00  0.0000E+00  6.7536E-05
    5   9  7.4736E-05  0.0000E+00  0.0000E+00  8.4720E-05
    6   9  3.6430E-05  0.0000E+00  0.0000E+00  3.8635E-05
    7   9  1.0793E-05  0.0000E+00  0.0000E+00  5.9516E-06
    8   9  1.0160E-06  0.0000E+00  0.0000E+00  1.3359E-06
    9   9 -3.1618E-07  0.0000E+00  0.0000E+00  2.7102E-06
   10   9 -1.3426E-08  0.0000E+00  0.0000E+00  1.6468E-06
 FSQR, FSQZ = Normalized Physical Force Residuals
 fsqr, fsqz = Preconditioned Force Residuals
 -----------------------
 BEGIN FORCE ITERATIONS
 -----------------------


  NS =    5 NO. FOURIER MODES =  200 FTOLV =  1.000E-11 NITER =    500
  PROCESSOR COUNT - RADIAL:    2

  ITER    FSQR      FSQZ      FSQL      fsqr      fsqz      fsql      DELT    RAX(v=0)      WMHD      BETA      <M>        

     1   1.36E+00  1.00E+00  5.22E-02  4.64E-05  6.49E-05  2.18E-03  9.00E-01  1.289E+00  1.0041E-01  0.000E+00  1.214
   200   5.87E-08  3.30E-08  3.11E-08  3.95E-11  7.00E-12  2.12E-10  6.56E-01  1.287E+00  9.8705E-02  0.000E+00  1.325
   400   1.01E-09  7.21E-10  1.03E-09  9.28E-14  3.73E-14  8.85E-13  6.56E-01  1.288E+00  9.8704E-02  0.000E+00  1.338
   500   4.91E-10  2.15E-10  2.88E-10  1.38E-14  6.41E-15  1.47E-13  6.56E-01  1.288E+00  9.8704E-02  0.000E+00  1.341

 MHD Energy = 9.870422E-02   d(ln W)/dt = 6.268E-09   d(ln R0)/dt = 2.452E-07

  NS =   16 NO. FOURIER MODES =  200 FTOLV =  1.000E-12 NITER =    800
  PROCESSOR COUNT - RADIAL:    8

  ITER    FSQR      FSQZ      FSQL      fsqr      fsqz      fsql      DELT    RAX(v=0)      WMHD      BETA      <M>        

     1   5.39E-02  1.53E-02  9.40E-03  1.64E-07  8.35E-08  4.69E-05  9.00E-01  1.288E+00  9.8734E-02  0.000E+00  1.341
   200   1.81E-08  5.63E-09  6.57E-09  8.36E-13  1.59E-13  7.04E-12  6.56E-01  1.288E+00  9.8696E-02  0.000E+00  1.341
   400   5.23E-10  2.06E-10  1.44E-10  1.74E-14  4.82E-15  2.16E-13  6.56E-01  1.287E+00  9.8696E-02  0.000E+00  1.346
   600   1.01E-10  4.88E-11  2.41E-11  2.62E-15  2.55E-15  2.81E-14  6.56E-01  1.287E+00  9.8696E-02  0.000E+00  1.346
   800   3.88E-11  1.04E-11  8.37E-12  1.87E-15  7.32E-16  2.35E-14  6.56E-01  1.287E+00  9.8696E-02  0.000E+00  1.347

 MHD Energy = 9.869631E-02   d(ln W)/dt = 1.202E-09   d(ln R0)/dt = 2.004E-09

  NS =   35 NO. FOURIER MODES =  200 FTOLV =  1.000E-13 NITER =   1000
  PROCESSOR COUNT - RADIAL:    8

  ITER    FSQR      FSQZ      FSQL      fsqr      fsqz      fsql      DELT    RAX(v=0)      WMHD      BETA      <M>        

     1   4.87E-03  1.34E-03  1.66E-05  4.49E-10  6.39E-10  6.25E-06  9.00E-01  1.287E+00  9.8696E-02  0.000E+00  1.347
   200   4.19E-09  2.55E-09  1.19E-09  1.53E-14  1.67E-14  4.29E-13  5.90E-01  1.287E+00  9.8696E-02  0.000E+00  1.348
   400   1.91E-10  9.07E-11  4.75E-11  2.41E-15  1.03E-15  4.83E-14  5.90E-01  1.287E+00  9.8696E-02  0.000E+00  1.354
   600   5.08E-11  2.90E-11  2.65E-11  7.59E-16  5.00E-16  1.33E-14  5.90E-01  1.287E+00  9.8696E-02  0.000E+00  1.358
   800   1.93E-11  9.11E-12  5.41E-12  3.29E-16  1.98E-16  4.86E-15  5.90E-01  1.287E+00  9.8696E-02  0.000E+00  1.360
  1000   7.75E-12  2.85E-12  9.07E-13  1.07E-16  6.60E-17  1.14E-15  5.90E-01  1.287E+00  9.8696E-02  0.000E+00  1.361

 MHD Energy = 9.869586E-02   d(ln W)/dt = 1.370E-10   d(ln R0)/dt = 4.785E-09

  NS =  151 NO. FOURIER MODES =  200 FTOLV =  1.000E-14 NITER =  30000
  PROCESSOR COUNT - RADIAL:    8

  ITER    FSQR      FSQZ      FSQL      fsqr      fsqz      fsql      DELT    RAX(v=0)      WMHD      BETA      <M>        

     1   2.23E-02  6.69E-03  1.12E-05  8.45E-11  2.47E-10  6.17E-06  9.00E-01  1.287E+00  9.8696E-02  0.000E+00  1.361
   200   7.84E-08  5.32E-08  7.53E-10  3.28E-15  5.40E-15  4.73E-13  3.76E-01  1.287E+00  9.8696E-02  0.000E+00  1.361
   400   4.52E-09  3.45E-09  2.58E-10  1.33E-15  6.06E-16  8.78E-14  3.76E-01  1.287E+00  9.8696E-02  0.000E+00  1.363
   600   1.30E-09  6.64E-10  6.34E-11  6.49E-16  3.73E-16  2.61E-14  3.76E-01  1.287E+00  9.8696E-02  0.000E+00  1.367
   800   5.07E-10  3.58E-10  1.93E-11  3.18E-16  2.04E-16  1.47E-14  3.76E-01  1.287E+00  9.8696E-02  0.000E+00  1.370
  1000   2.72E-10  1.64E-10  1.48E-11  1.75E-16  1.23E-16  7.46E-15  3.76E-01  1.287E+00  9.8696E-02  0.000E+00  1.373
  1200   1.72E-10  9.41E-11  9.48E-12  1.05E-16  7.78E-17  4.93E-15  3.76E-01  1.287E+00  9.8696E-02  0.000E+00  1.375
  1400   1.02E-10  5.39E-11  5.09E-12  7.67E-17  5.22E-17  2.59E-15  3.76E-01  1.287E+00  9.8696E-02  0.000E+00  1.377
  1600   4.84E-11  2.43E-11  1.92E-12  5.59E-17  3.75E-17  1.26E-15  3.76E-01  1.287E+00  9.8696E-02  0.000E+00  1.378
  1800   2.46E-11  1.22E-11  7.46E-13  4.82E-17  2.59E-17  7.96E-16  3.76E-01  1.287E+00  9.8696E-02  0.000E+00  1.378
  2000   1.55E-11  6.68E-12  5.37E-13  4.42E-17  1.75E-17  7.69E-16  3.76E-01  1.287E+00  9.8696E-02  0.000E+00  1.379
  2200   1.08E-11  4.28E-12  3.02E-13  3.73E-17  1.22E-17  6.11E-16  3.76E-01  1.287E+00  9.8696E-02  0.000E+00  1.379
  2400   6.49E-12  2.41E-12  1.44E-13  3.14E-17  9.33E-18  5.18E-16  3.76E-01  1.287E+00  9.8696E-02  0.000E+00  1.380
  2600   3.83E-12  1.34E-12  1.06E-13  2.74E-17  8.16E-18  4.28E-16  3.76E-01  1.287E+00  9.8696E-02  0.000E+00  1.380
  2800   2.48E-12  8.23E-13  8.69E-14  2.33E-17  7.17E-18  3.64E-16  3.76E-01  1.287E+00  9.8696E-02  0.000E+00  1.380
  3000   1.72E-12  5.24E-13  7.96E-14  1.93E-17  6.06E-18  3.11E-16  3.76E-01  1.287E+00  9.8696E-02  0.000E+00  1.380
  3200   1.19E-12  3.41E-13  6.48E-14  1.63E-17  5.13E-18  2.68E-16  3.76E-01  1.287E+00  9.8696E-02  0.000E+00  1.380
  3400   8.70E-13  2.24E-13  5.34E-14  1.43E-17  4.37E-18  2.34E-16  3.76E-01  1.287E+00  9.8696E-02  0.000E+00  1.380
  3600   6.46E-13  1.59E-13  4.49E-14  1.26E-17  3.77E-18  2.07E-16  3.76E-01  1.287E+00  9.8696E-02  0.000E+00  1.380
  3800   4.95E-13  1.14E-13  3.84E-14  1.10E-17  3.25E-18  1.81E-16  3.76E-01  1.287E+00  9.8696E-02  0.000E+00  1.380
  4000   3.91E-13  8.50E-14  3.31E-14  9.63E-18  2.79E-18  1.58E-16  3.76E-01  1.287E+00  9.8696E-02  0.000E+00  1.380
  4200   3.13E-13  6.51E-14  2.89E-14  8.37E-18  2.39E-18  1.38E-16  3.76E-01  1.287E+00  9.8696E-02  0.000E+00  1.380
  4400   2.53E-13  5.08E-14  2.50E-14  7.25E-18  2.05E-18  1.20E-16  3.76E-01  1.287E+00  9.8696E-02  0.000E+00  1.380
  4600   2.06E-13  4.02E-14  2.11E-14  6.26E-18  1.75E-18  1.04E-16  3.76E-01  1.287E+00  9.8696E-02  0.000E+00  1.380
  4800   1.69E-13  3.24E-14  1.79E-14  5.41E-18  1.50E-18  8.96E-17  3.76E-01  1.287E+00  9.8696E-02  0.000E+00  1.380
  5000   1.39E-13  2.63E-14  1.53E-14  4.66E-18  1.28E-18  7.71E-17  3.76E-01  1.287E+00  9.8696E-02  0.000E+00  1.380
  5200   1.15E-13  2.16E-14  1.31E-14  3.99E-18  1.09E-18  6.60E-17  3.76E-01  1.287E+00  9.8696E-02  0.000E+00  1.380
  5400   9.49E-14  1.77E-14  1.13E-14  3.40E-18  9.16E-19  5.67E-17  3.76E-01  1.287E+00  9.8696E-02  0.000E+00  1.380
  5600   7.85E-14  1.45E-14  9.61E-15  2.90E-18  7.72E-19  4.84E-17  3.76E-01  1.287E+00  9.8696E-02  0.000E+00  1.380
  5800   6.48E-14  1.20E-14  8.20E-15  2.46E-18  6.50E-19  4.12E-17  3.76E-01  1.287E+00  9.8696E-02  0.000E+00  1.380
  6000   5.36E-14  9.91E-15  6.99E-15  2.08E-18  5.47E-19  3.49E-17  3.76E-01  1.287E+00  9.8696E-02  0.000E+00  1.380
  6200   4.42E-14  8.21E-15  5.94E-15  1.76E-18  4.61E-19  2.96E-17  3.76E-01  1.287E+00  9.8696E-02  0.000E+00  1.380
  6400   3.65E-14  6.80E-15  5.03E-15  1.48E-18  3.86E-19  2.50E-17  3.76E-01  1.287E+00  9.8696E-02  0.000E+00  1.380
  6600   3.00E-14  5.63E-15  4.24E-15  1.25E-18  3.23E-19  2.11E-17  3.76E-01  1.287E+00  9.8696E-02  0.000E+00  1.380
  6800   2.46E-14  4.65E-15  3.56E-15  1.04E-18  2.70E-19  1.77E-17  3.76E-01  1.287E+00  9.8696E-02  0.000E+00  1.380
  7000   2.02E-14  3.85E-15  2.97E-15  8.70E-19  2.25E-19  1.48E-17  3.76E-01  1.287E+00  9.8696E-02  0.000E+00  1.380
  7200   1.65E-14  3.19E-15  2.48E-15  7.25E-19  1.87E-19  1.24E-17  3.76E-01  1.287E+00  9.8696E-02  0.000E+00  1.380
  7400   1.35E-14  2.63E-15  2.07E-15  6.04E-19  1.56E-19  1.04E-17  3.76E-01  1.287E+00  9.8696E-02  0.000E+00  1.380
  7600   1.11E-14  2.17E-15  1.72E-15  5.02E-19  1.29E-19  8.64E-18  3.76E-01  1.287E+00  9.8696E-02  0.000E+00  1.380
  7707   9.95E-15  1.92E-15  1.56E-15  4.55E-19  1.15E-19  7.89E-18  3.76E-01  1.287E+00  9.8696E-02  0.000E+00  1.380

 MHD Energy = 9.869578E-02   d(ln W)/dt = 5.225E-13   d(ln R0)/dt = 3.009E-10

 NOTE:  S=normalized toroidal flux (0 - 1)
        U=poloidal angle (0 - 2*pi)
        V=geometric toroidal angle (0 - 2*pi)
       <RADIAL FORCE> = d(Ipol)/dPHI - IOTA*d(Itor)/dPHI - dp/dPHI * d(VOL)/dPHI
                      = d(VOL)/dPHI*[<JSUPU> - IOTA*<JSUPV> - SIGN(JAC)*dp/dPHI]
       (NORMED TO SUM OF INDIVIDUAL TERMS)

      S     <RADIAL    TOROIDAL      IOTA      <JSUPU>    <JSUPV>     d(VOL)/   d(PRES)/    <M>     PRESF    <BSUBU>    <BSUBV>      <J.B>      <B.B>
             FORCE>      FLUX                                         d(PHI)     d(PHI)                             
----------------------------------------------------------------------------------------------------------------------------------------------------

  0.00E+00  1.00E+00 -0.0000E+00 -1.0985E+00  4.041E+04  1.479E-07 -7.395E+00  0.000E+00  1.000  0.000E+00  0.000E+00  1.175E+00  5.742E+01  9.982E-01
  6.67E-03  1.00E+00  1.7831E-04 -1.0985E+00  2.119E+04  3.596E-08 -7.395E+00  0.000E+00  1.005  0.000E+00  9.015E-20  1.175E+00  1.916E+01  9.980E-01
  1.33E-02  1.00E+00  3.5662E-04 -1.0984E+00  1.968E+03 -7.594E-08 -7.394E+00  0.000E+00  1.010  0.000E+00  9.290E-19  1.175E+00 -1.911E+01  9.981E-01
  2.00E-02 -1.00E+00  5.3492E-04 -1.0984E+00 -1.560E+03  1.046E-07 -7.394E+00  0.000E+00  1.015  0.000E+00  3.283E-19  1.175E+00  1.914E+01  9.981E-01
  2.67E-02 -1.00E+00  7.1323E-04 -1.0983E+00 -1.226E+03 -6.040E-08 -7.394E+00  0.000E+00  1.021  0.000E+00 -5.987E-19  1.175E+00 -1.910E+01  9.982E-01
  3.33E-02 -1.00E+00  8.9154E-04 -1.0981E+00 -9.111E+02  4.155E-08 -7.393E+00  0.000E+00  1.026  0.000E+00 -2.031E-19  1.175E+00  1.917E+01  9.982E-01
  4.00E-02 -1.00E+00  1.0698E-03 -1.0979E+00 -5.164E+02  2.174E-08 -7.393E+00  0.000E+00  1.032  0.000E+00 -1.531E-18  1.175E+00 -1.907E+01  9.982E-01
  4.67E-02 -1.00E+00  1.2482E-03 -1.0977E+00 -2.683E+02 -1.024E-07 -7.393E+00  0.000E+00  1.039  0.000E+00  1.623E-19  1.175E+00  1.913E+01  9.983E-01
  5.33E-02 -1.00E+00  1.4265E-03 -1.0974E+00 -3.891E+01  1.024E-08 -7.393E+00  0.000E+00  1.045  0.000E+00  2.097E-18  1.175E+00 -1.905E+01  9.983E-01
  6.00E-02  1.00E+00  1.6048E-03 -1.0972E+00  5.873E+01 -4.190E-08 -7.392E+00  0.000E+00  1.052  0.000E+00  2.761E-18  1.175E+00  1.912E+01  9.983E-01
  6.67E-02  1.00E+00  1.7831E-03 -1.0970E+00  1.587E+02  6.545E-08 -7.392E+00  0.000E+00  1.059  0.000E+00  2.267E-18  1.175E+00 -1.903E+01  9.984E-01
  7.33E-02  1.00E+00  1.9614E-03 -1.0967E+00  1.701E+02 -1.215E-07 -7.392E+00  0.000E+00  1.066  0.000E+00  3.444E-18  1.175E+00  1.912E+01  9.984E-01
  8.00E-02  1.00E+00  2.1397E-03 -1.0966E+00  2.266E+02  7.202E-08 -7.392E+00  0.000E+00  1.073  0.000E+00  4.483E-18  1.175E+00 -1.898E+01  9.984E-01
  8.67E-02  1.00E+00  2.3180E-03 -1.0964E+00  2.113E+02 -5.601E-08 -7.391E+00  0.000E+00  1.081  0.000E+00  4.147E-18  1.175E+00  1.906E+01  9.985E-01
  9.33E-02  1.00E+00  2.4963E-03 -1.0962E+00  2.470E+02  2.111E-07 -7.391E+00  0.000E+00  1.088  0.000E+00  8.941E-19  1.175E+00 -1.894E+01  9.985E-01
  1.00E-01  1.00E+00  2.6746E-03 -1.0961E+00  2.187E+02 -1.701E-07 -7.391E+00  0.000E+00  1.096  0.000E+00  3.325E-20  1.175E+00  1.907E+01  9.985E-01
  1.07E-01  1.00E+00  2.8529E-03 -1.0960E+00  2.588E+02  1.740E-07 -7.391E+00  0.000E+00  1.103  0.000E+00 -4.938E-20  1.175E+00 -1.889E+01  9.986E-01
  1.13E-01  1.00E+00  3.0312E-03 -1.0959E+00  2.319E+02 -1.741E-07 -7.390E+00  0.000E+00  1.110  0.000E+00 -4.739E-20  1.175E+00  1.904E+01  9.986E-01
  1.20E-01  1.00E+00  3.2095E-03 -1.0958E+00  2.726E+02  1.176E-07 -7.390E+00  0.000E+00  1.118  0.000E+00  1.138E-18  1.175E+00 -1.882E+01  9.987E-01
  1.27E-01  1.00E+00  3.3879E-03 -1.0958E+00  2.507E+02 -4.404E-07 -7.390E+00  0.000E+00  1.125  0.000E+00  7.907E-18  1.175E+00  1.899E+01  9.987E-01
  1.33E-01  1.00E+00  3.5662E-03 -1.0957E+00  2.965E+02  4.410E-07 -7.390E+00  0.000E+00  1.133  0.000E+00  7.896E-18  1.175E+00 -1.881E+01  9.987E-01
  1.40E-01  1.00E+00  3.7445E-03 -1.0957E+00  2.771E+02 -4.589E-08 -7.389E+00  0.000E+00  1.140  0.000E+00 -3.890E-19  1.175E+00  1.895E+01  9.988E-01
  1.47E-01  1.00E+00  3.9228E-03 -1.0957E+00  3.253E+02  1.408E-07 -7.389E+00  0.000E+00  1.147  0.000E+00 -2.379E-18  1.175E+00 -1.868E+01  9.988E-01
  1.53E-01  1.00E+00  4.1011E-03 -1.0957E+00  3.108E+02 -2.110E-08 -7.389E+00  0.000E+00  1.155  0.000E+00 -4.888E-18  1.175E+00  1.890E+01  9.988E-01
  1.60E-01  1.00E+00  4.2794E-03 -1.0957E+00  3.640E+02 -2.575E-07 -7.388E+00  0.000E+00  1.162  0.000E+00  9.538E-19  1.175E+00 -1.865E+01  9.989E-01
  1.67E-01  1.00E+00  4.4577E-03 -1.0957E+00  3.501E+02 -1.678E-07 -7.388E+00  0.000E+00  1.169  0.000E+00  9.871E-18  1.175E+00  1.879E+01  9.989E-01
  1.73E-01  1.00E+00  4.6360E-03 -1.0958E+00  4.067E+02  5.703E-07 -7.388E+00  0.000E+00  1.176  0.000E+00  1.431E-18  1.175E+00 -1.859E+01  9.990E-01
  1.80E-01  1.00E+00  4.8143E-03 -1.0958E+00  3.944E+02 -1.738E-07 -7.388E+00  0.000E+00  1.183  0.000E+00 -6.882E-18  1.175E+00  1.874E+01  9.990E-01
  1.87E-01  1.00E+00  4.9926E-03 -1.0959E+00  4.439E+02 -1.761E-07 -7.387E+00  0.000E+00  1.190  0.000E+00  4.536E-19  1.175E+00 -1.847E+01  9.990E-01
  1.93E-01  1.00E+00  5.1709E-03 -1.0959E+00  4.317E+02  8.804E-09 -7.387E+00  0.000E+00  1.197  0.000E+00  3.961E-18  1.175E+00  1.863E+01  9.991E-01
  2.00E-01  1.00E+00  5.3492E-03 -1.0960E+00  4.851E+02  1.263E-07 -7.387E+00  0.000E+00  1.203  0.000E+00  1.128E-18  1.175E+00 -1.840E+01  9.991E-01
  2.07E-01  1.00E+00  5.5275E-03 -1.0961E+00  4.847E+02 -1.409E-07 -7.387E+00  0.000E+00  1.210  0.000E+00  1.434E-18  1.175E+00  1.857E+01  9.991E-01
  2.13E-01  1.00E+00  5.7059E-03 -1.0962E+00  5.194E+02  2.585E-07 -7.386E+00  0.000E+00  1.217  0.000E+00 -1.031E-18  1.175E+00 -1.829E+01  9.992E-01
  2.20E-01  1.00E+00  5.8842E-03 -1.0962E+00  5.055E+02 -1.014E-07 -7.386E+00  0.000E+00  1.223  0.000E+00 -4.325E-18  1.175E+00  1.846E+01  9.992E-01
  2.27E-01  1.00E+00  6.0625E-03 -1.0963E+00  5.526E+02 -2.601E-07 -7.386E+00  0.000E+00  1.229  0.000E+00  3.252E-18  1.175E+00 -1.821E+01  9.992E-01
  2.33E-01  1.00E+00  6.2408E-03 -1.0964E+00  5.400E+02  1.528E-07 -7.386E+00  0.000E+00  1.236  0.000E+00  5.500E-18  1.175E+00  1.832E+01  9.993E-01
  2.40E-01  1.00E+00  6.4191E-03 -1.0965E+00  5.851E+02  6.268E-08 -7.385E+00  0.000E+00  1.242  0.000E+00  9.837E-19  1.175E+00 -1.811E+01  9.993E-01
  2.47E-01  1.00E+00  6.5974E-03 -1.0966E+00  5.655E+02  2.510E-07 -7.385E+00  0.000E+00  1.248  0.000E+00 -5.591E-18  1.175E+00  1.823E+01  9.993E-01
  2.53E-01  1.00E+00  6.7757E-03 -1.0967E+00  6.097E+02 -1.529E-07 -7.385E+00  0.000E+00  1.254  0.000E+00 -7.648E-18  1.175E+00 -1.799E+01  9.994E-01
  2.60E-01  1.00E+00  6.9540E-03 -1.0968E+00  6.095E+02 -2.210E-07 -7.385E+00  0.000E+00  1.260  0.000E+00  1.870E-19  1.175E+00  1.811E+01  9.994E-01
  2.67E-01  1.00E+00  7.1323E-03 -1.0969E+00  6.825E+02  1.885E-07 -7.384E+00  0.000E+00  1.266  0.000E+00  8.687E-19  1.175E+00 -1.792E+01  9.994E-01
  2.73E-01  1.00E+00  7.3106E-03 -1.0970E+00  6.141E+02  5.249E-08 -7.384E+00  0.000E+00  1.272  0.000E+00 -4.181E-18  1.175E+00  1.793E+01  9.995E-01
  2.80E-01  1.00E+00  7.4889E-03 -1.0971E+00  6.555E+02 -1.794E-07 -7.384E+00  0.000E+00  1.277  0.000E+00 -1.521E-18  1.175E+00 -1.776E+01  9.995E-01
  2.87E-01  1.00E+00  7.6672E-03 -1.0972E+00  6.315E+02  4.551E-07 -7.384E+00  0.000E+00  1.283  0.000E+00 -7.297E-18  1.175E+00  1.784E+01  9.995E-01
  2.93E-01  1.00E+00  7.8456E-03 -1.0972E+00  6.783E+02 -4.062E-07 -7.383E+00  0.000E+00  1.288  0.000E+00 -8.321E-18  1.175E+00 -1.761E+01  9.996E-01
  3.00E-01  1.00E+00  8.0239E-03 -1.0973E+00  6.496E+02  4.137E-07 -7.383E+00  0.000E+00  1.294  0.000E+00 -8.477E-18  1.175E+00  1.766E+01  9.996E-01
  3.07E-01  1.00E+00  8.2022E-03 -1.0974E+00  6.877E+02 -8.085E-07 -7.383E+00  0.000E+00  1.299  0.000E+00 -2.051E-19  1.175E+00 -1.754E+01  9.996E-01
  3.13E-01  1.00E+00  8.3805E-03 -1.0975E+00  6.646E+02  5.893E-07 -7.383E+00  0.000E+00  1.305  0.000E+00  4.388E-18  1.175E+00  1.750E+01  9.997E-01
  3.20E-01  1.00E+00  8.5588E-03 -1.0976E+00  7.014E+02 -3.954E-07 -7.382E+00  0.000E+00  1.310  0.000E+00  3.247E-19  1.175E+00 -1.736E+01  9.997E-01
  3.27E-01  1.00E+00  8.7371E-03 -1.0977E+00  6.773E+02  3.716E-07 -7.382E+00  0.000E+00  1.315  0.000E+00  8.226E-19  1.175E+00  1.733E+01  9.997E-01
  3.33E-01  1.00E+00  8.9154E-03 -1.0978E+00  7.166E+02 -1.406E-07 -7.382E+00  0.000E+00  1.320  0.000E+00 -4.018E-18  1.175E+00 -1.719E+01  9.997E-01
  3.40E-01  1.00E+00  9.0937E-03 -1.0978E+00  6.934E+02 -9.850E-08 -7.382E+00  0.000E+00  1.325  0.000E+00  9.896E-19  1.175E+00  1.715E+01  9.998E-01
  3.47E-01  1.00E+00  9.2720E-03 -1.0979E+00  7.321E+02  2.607E-07 -7.382E+00  0.000E+00  1.330  0.000E+00 -2.409E-18  1.175E+00 -1.704E+01  9.998E-01
  3.53E-01  1.00E+00  9.4503E-03 -1.0980E+00  7.074E+02  3.531E-07 -7.381E+00  0.000E+00  1.335  0.000E+00 -1.527E-17  1.175E+00  1.698E+01  9.998E-01
  3.60E-01  1.00E+00  9.6286E-03 -1.0981E+00  7.463E+02 -7.205E-07 -7.381E+00  0.000E+00  1.340  0.000E+00 -7.571E-18  1.175E+00 -1.686E+01  9.999E-01
  3.67E-01  1.00E+00  9.8069E-03 -1.0981E+00  7.246E+02 -1.664E-07 -7.381E+00  0.000E+00  1.345  0.000E+00  1.101E-17  1.175E+00  1.681E+01  9.999E-01
  3.73E-01  1.00E+00  9.9852E-03 -1.0982E+00  7.631E+02  1.223E-07 -7.381E+00  0.000E+00  1.349  0.000E+00  1.193E-17  1.175E+00 -1.669E+01  9.999E-01
  3.80E-01  1.00E+00  1.0164E-02 -1.0983E+00  7.410E+02  5.244E-07 -7.381E+00  0.000E+00  1.354  0.000E+00 -1.612E-18  1.175E+00  1.660E+01  9.999E-01
  3.87E-01  1.00E+00  1.0342E-02 -1.0983E+00  7.798E+02 -2.470E-08 -7.380E+00  0.000E+00  1.358  0.000E+00 -1.208E-17  1.175E+00 -1.650E+01  1.000E+00
  3.93E-01  1.00E+00  1.0520E-02 -1.0984E+00  7.602E+02 -1.272E-06 -7.380E+00  0.000E+00  1.363  0.000E+00  1.508E-17  1.175E+00  1.641E+01  1.000E+00
  4.00E-01  1.00E+00  1.0698E-02 -1.0985E+00  7.989E+02  3.748E-07 -7.380E+00  0.000E+00  1.367  0.000E+00  3.388E-17  1.175E+00 -1.627E+01  1.000E+00
  4.07E-01  1.00E+00  1.0877E-02 -1.0985E+00  7.798E+02  6.969E-07 -7.380E+00  0.000E+00  1.372  0.000E+00  1.143E-17  1.175E+00  1.619E+01  1.000E+00
  4.13E-01  1.00E+00  1.1055E-02 -1.0986E+00  8.179E+02 -3.556E-07 -7.380E+00  0.000E+00  1.376  0.000E+00  4.286E-18  1.175E+00 -1.609E+01  1.000E+00
  4.20E-01  1.00E+00  1.1233E-02 -1.0986E+00  8.020E+02  2.467E-07 -7.380E+00  0.000E+00  1.380  0.000E+00  6.567E-18  1.175E+00  1.596E+01  1.000E+00
  4.27E-01  1.00E+00  1.1412E-02 -1.0987E+00  8.418E+02  1.087E-07 -7.379E+00  0.000E+00  1.384  0.000E+00 -8.748E-19  1.175E+00 -1.590E+01  1.000E+00
  4.33E-01  1.00E+00  1.1590E-02 -1.0987E+00  8.264E+02 -1.295E-07 -7.379E+00  0.000E+00  1.388  0.000E+00 -4.384E-19  1.175E+00  1.575E+01  1.000E+00
  4.40E-01  1.00E+00  1.1768E-02 -1.0988E+00  8.661E+02  5.783E-08 -7.379E+00  0.000E+00  1.393  0.000E+00  1.063E-18  1.175E+00 -1.570E+01  1.000E+00
  4.47E-01  1.00E+00  1.1947E-02 -1.0988E+00  8.520E+02  1.560E-07 -7.379E+00  0.000E+00  1.397  0.000E+00 -3.416E-18  1.175E+00  1.551E+01  1.000E+00
  4.53E-01  1.00E+00  1.2125E-02 -1.0989E+00  8.929E+02  2.033E-08 -7.379E+00  0.000E+00  1.400  0.000E+00 -7.109E-18  1.175E+00 -1.549E+01  1.000E+00
  4.60E-01  1.00E+00  1.2303E-02 -1.0989E+00  8.797E+02 -3.748E-07 -7.379E+00  0.000E+00  1.404  0.000E+00  3.134E-19  1.175E+00  1.528E+01  1.000E+00
  4.67E-01  1.00E+00  1.2482E-02 -1.0990E+00  9.219E+02  6.725E-08 -7.378E+00  0.000E+00  1.408  0.000E+00  6.754E-18  1.175E+00 -1.527E+01  1.000E+00
  4.73E-01  1.00E+00  1.2660E-02 -1.0990E+00  9.101E+02  1.167E-07 -7.378E+00  0.000E+00  1.412  0.000E+00  2.901E-18  1.175E+00  1.501E+01  1.000E+00
  4.80E-01  1.00E+00  1.2838E-02 -1.0990E+00  9.542E+02  1.502E-07 -7.378E+00  0.000E+00  1.416  0.000E+00 -2.687E-18  1.175E+00 -1.503E+01  1.000E+00
  4.87E-01  1.00E+00  1.3016E-02 -1.0991E+00  9.429E+02 -4.196E-07 -7.378E+00  0.000E+00  1.419  0.000E+00  2.954E-18  1.175E+00  1.475E+01  1.000E+00
  4.93E-01  1.00E+00  1.3195E-02 -1.0991E+00  9.872E+02 -1.979E-10 -7.378E+00  0.000E+00  1.423  0.000E+00  1.174E-17  1.175E+00 -1.477E+01  1.000E+00
  5.00E-01  1.00E+00  1.3373E-02 -1.0992E+00  9.759E+02  7.633E-07 -7.378E+00  0.000E+00  1.426  0.000E+00 -4.234E-18  1.175E+00  1.452E+01  1.000E+00
  5.07E-01  1.00E+00  1.3551E-02 -1.0992E+00  1.024E+03 -2.982E-07 -7.378E+00  0.000E+00  1.430  0.000E+00 -1.397E-17  1.175E+00 -1.449E+01  1.000E+00
  5.13E-01  1.00E+00  1.3730E-02 -1.0992E+00  1.016E+03 -3.887E-08 -7.377E+00  0.000E+00  1.433  0.000E+00 -6.915E-18  1.175E+00  1.423E+01  1.000E+00
  5.20E-01  1.00E+00  1.3908E-02 -1.0993E+00  1.061E+03 -3.202E-07 -7.377E+00  0.000E+00  1.437  0.000E+00  6.031E-19  1.175E+00 -1.422E+01  1.000E+00
  5.27E-01  1.00E+00  1.4086E-02 -1.0993E+00  1.051E+03  9.055E-07 -7.377E+00  0.000E+00  1.440  0.000E+00 -1.165E-17  1.175E+00  1.399E+01  1.000E+00
  5.33E-01  1.00E+00  1.4265E-02 -1.0993E+00  1.100E+03 -1.069E-06 -7.377E+00  0.000E+00  1.444  0.000E+00 -8.221E-18  1.175E+00 -1.394E+01  1.000E+00
  5.40E-01  1.00E+00  1.4443E-02 -1.0994E+00  1.100E+03  9.139E-07 -7.377E+00  0.000E+00  1.447  0.000E+00 -4.969E-18  1.175E+00  1.371E+01  1.000E+00
  5.47E-01  1.00E+00  1.4621E-02 -1.0994E+00  1.146E+03 -5.793E-07 -7.377E+00  0.000E+00  1.450  0.000E+00 -1.197E-17  1.175E+00 -1.367E+01  1.000E+00
  5.53E-01  1.00E+00  1.4800E-02 -1.0994E+00  1.144E+03  1.556E-07 -7.377E+00  0.000E+00  1.453  0.000E+00 -3.101E-18  1.175E+00  1.339E+01  1.000E+00
  5.60E-01  1.00E+00  1.4978E-02 -1.0994E+00  1.188E+03 -8.763E-08 -7.376E+00  0.000E+00  1.456  0.000E+00 -4.523E-18  1.175E+00 -1.341E+01  1.000E+00
  5.67E-01  1.00E+00  1.5156E-02 -1.0995E+00  1.193E+03  1.164E-07 -7.376E+00  0.000E+00  1.459  0.000E+00 -5.125E-18  1.175E+00  1.309E+01  1.001E+00
  5.73E-01  1.00E+00  1.5334E-02 -1.0995E+00  1.242E+03  2.392E-07 -7.376E+00  0.000E+00  1.463  0.000E+00 -1.257E-17  1.175E+00 -1.310E+01  1.001E+00
  5.80E-01  1.00E+00  1.5513E-02 -1.0995E+00  1.245E+03 -7.182E-07 -7.376E+00  0.000E+00  1.466  0.000E+00 -2.540E-18  1.175E+00  1.279E+01  1.001E+00
  5.87E-01  1.00E+00  1.5691E-02 -1.0996E+00  1.284E+03  6.880E-07 -7.376E+00  0.000E+00  1.468  0.000E+00 -1.908E-18  1.175E+00 -1.282E+01  1.001E+00
  5.93E-01  1.00E+00  1.5869E-02 -1.0996E+00  1.296E+03 -4.058E-07 -7.376E+00  0.000E+00  1.471  0.000E+00 -7.816E-18  1.175E+00  1.247E+01  1.001E+00
  6.00E-01  1.00E+00  1.6048E-02 -1.0996E+00  1.348E+03 -3.818E-08 -7.376E+00  0.000E+00  1.474  0.000E+00  1.478E-18  1.175E+00 -1.252E+01  1.001E+00
  6.07E-01  1.00E+00  1.6226E-02 -1.0997E+00  1.354E+03  4.057E-07 -7.376E+00  0.000E+00  1.477  0.000E+00 -6.216E-18  1.175E+00  1.216E+01  1.001E+00
  6.13E-01  1.00E+00  1.6404E-02 -1.0997E+00  1.402E+03  1.715E-07 -7.376E+00  0.000E+00  1.480  0.000E+00 -1.830E-17  1.175E+00 -1.219E+01  1.001E+00
  6.20E-01  1.00E+00  1.6583E-02 -1.0997E+00  1.407E+03 -4.575E-07 -7.376E+00  0.000E+00  1.483  0.000E+00 -1.231E-17  1.175E+00  1.184E+01  1.001E+00
  6.27E-01  1.00E+00  1.6761E-02 -1.0998E+00  1.466E+03  7.189E-08 -7.375E+00  0.000E+00  1.485  0.000E+00 -4.238E-18  1.175E+00 -1.186E+01  1.001E+00
  6.33E-01  1.00E+00  1.6939E-02 -1.0998E+00  1.476E+03 -4.582E-08 -7.375E+00  0.000E+00  1.488  0.000E+00 -4.783E-18  1.175E+00  1.150E+01  1.001E+00
  6.40E-01  1.00E+00  1.7118E-02 -1.0998E+00  1.531E+03 -3.789E-07 -7.375E+00  0.000E+00  1.491  0.000E+00  4.106E-18  1.175E+00 -1.152E+01  1.001E+00
  6.47E-01  1.00E+00  1.7296E-02 -1.0999E+00  1.531E+03 -4.875E-07 -7.375E+00  0.000E+00  1.493  0.000E+00  2.224E-17  1.175E+00  1.118E+01  1.001E+00
  6.53E-01  1.00E+00  1.7474E-02 -1.0999E+00  1.599E+03  1.354E-06 -7.375E+00  0.000E+00  1.496  0.000E+00  4.097E-18  1.175E+00 -1.116E+01  1.001E+00
  6.60E-01  1.00E+00  1.7652E-02 -1.1000E+00  1.614E+03 -7.590E-07 -7.375E+00  0.000E+00  1.498  0.000E+00 -8.363E-18  1.175E+00  1.085E+01  1.001E+00
  6.67E-01  1.00E+00  1.7831E-02 -1.1000E+00  1.672E+03 -1.321E-07 -7.375E+00  0.000E+00  1.501  0.000E+00  1.029E-17  1.175E+00 -1.083E+01  1.001E+00
  6.73E-01  1.00E+00  1.8009E-02 -1.1000E+00  1.679E+03  5.997E-07 -7.375E+00  0.000E+00  1.503  0.000E+00  5.030E-19  1.175E+00  1.050E+01  1.001E+00
  6.80E-01  1.00E+00  1.8187E-02 -1.1001E+00  1.739E+03  3.658E-07 -7.375E+00  0.000E+00  1.506  0.000E+00 -1.970E-17  1.175E+00 -1.045E+01  1.001E+00
  6.87E-01  1.00E+00  1.8366E-02 -1.1001E+00  1.771E+03 -8.090E-07 -7.375E+00  0.000E+00  1.508  0.000E+00 -1.043E-17  1.175E+00  1.015E+01  1.001E+00
  6.93E-01  1.00E+00  1.8544E-02 -1.1002E+00  1.829E+03  9.752E-07 -7.375E+00  0.000E+00  1.511  0.000E+00 -1.391E-17  1.175E+00 -1.009E+01  1.001E+00
  7.00E-01  1.00E+00  1.8722E-02 -1.1002E+00  1.852E+03 -3.718E-07 -7.375E+00  0.000E+00  1.513  0.000E+00 -2.653E-17  1.175E+00  9.744E+00  1.001E+00
  7.07E-01  1.00E+00  1.8901E-02 -1.1003E+00  1.907E+03 -7.428E-07 -7.374E+00  0.000E+00  1.515  0.000E+00 -3.205E-18  1.175E+00 -9.757E+00  1.001E+00
  7.13E-01  1.00E+00  1.9079E-02 -1.1003E+00  1.943E+03  2.471E-07 -7.374E+00  0.000E+00  1.518  0.000E+00  7.169E-18  1.175E+00  9.333E+00  1.001E+00
  7.20E-01  1.00E+00  1.9257E-02 -1.1004E+00  2.007E+03 -2.848E-07 -7.374E+00  0.000E+00  1.520  0.000E+00  7.958E-18  1.175E+00 -9.390E+00  1.001E+00
  7.27E-01  1.00E+00  1.9436E-02 -1.1004E+00  2.045E+03  3.107E-07 -7.374E+00  0.000E+00  1.522  0.000E+00  7.416E-18  1.175E+00  8.949E+00  1.001E+00
  7.33E-01  1.00E+00  1.9614E-02 -1.1005E+00  2.094E+03 -3.798E-07 -7.374E+00  0.000E+00  1.524  0.000E+00  8.862E-18  1.175E+00 -8.985E+00  1.001E+00
  7.40E-01  1.00E+00  1.9792E-02 -1.1005E+00  2.143E+03 -5.738E-07 -7.374E+00  0.000E+00  1.527  0.000E+00  2.882E-17  1.175E+00  8.556E+00  1.001E+00
  7.47E-01  1.00E+00  1.9970E-02 -1.1006E+00  2.225E+03  1.418E-06 -7.374E+00  0.000E+00  1.529  0.000E+00  1.115E-17  1.175E+00 -8.640E+00  1.001E+00
  7.53E-01  1.00E+00  2.0149E-02 -1.1006E+00  2.269E+03 -6.798E-07 -7.374E+00  0.000E+00  1.531  0.000E+00 -4.302E-18  1.175E+00  8.143E+00  1.001E+00
  7.60E-01  1.00E+00  2.0327E-02 -1.1007E+00  2.345E+03  6.402E-07 -7.374E+00  0.000E+00  1.533  0.000E+00 -3.473E-18  1.175E+00 -8.244E+00  1.001E+00
  7.67E-01  1.00E+00  2.0505E-02 -1.1008E+00  2.391E+03 -8.490E-07 -7.374E+00  0.000E+00  1.535  0.000E+00  8.960E-19  1.175E+00  7.764E+00  1.001E+00
  7.73E-01  1.00E+00  2.0684E-02 -1.1008E+00  2.479E+03  5.125E-07 -7.374E+00  0.000E+00  1.537  0.000E+00  7.937E-18  1.175E+00 -7.804E+00  1.001E+00
  7.80E-01  1.00E+00  2.0862E-02 -1.1009E+00  2.532E+03 -2.742E-07 -7.374E+00  0.000E+00  1.539  0.000E+00  2.950E-18  1.175E+00  7.363E+00  1.001E+00
  7.87E-01  1.00E+00  2.1040E-02 -1.1010E+00  2.621E+03  2.431E-07 -7.374E+00  0.000E+00  1.541  0.000E+00  3.602E-18  1.175E+00 -7.357E+00  1.001E+00
  7.93E-01  1.00E+00  2.1219E-02 -1.1010E+00  2.655E+03  6.006E-07 -7.374E+00  0.000E+00  1.543  0.000E+00 -1.405E-17  1.175E+00  6.959E+00  1.001E+00
  8.00E-01  1.00E+00  2.1397E-02 -1.1011E+00  2.770E+03 -9.202E-07 -7.374E+00  0.000E+00  1.545  0.000E+00 -7.367E-18  1.175E+00 -6.947E+00  1.001E+00
  8.07E-01  1.00E+00  2.1575E-02 -1.1012E+00  2.839E+03  6.990E-07 -7.374E+00  0.000E+00  1.547  0.000E+00 -2.738E-18  1.175E+00  6.549E+00  1.001E+00
  8.13E-01  1.00E+00  2.1754E-02 -1.1012E+00  2.937E+03 -8.665E-07 -7.374E+00  0.000E+00  1.549  0.000E+00  7.672E-19  1.175E+00 -6.542E+00  1.001E+00
  8.20E-01  1.00E+00  2.1932E-02 -1.1013E+00  3.008E+03  1.039E-06 -7.374E+00  0.000E+00  1.551  0.000E+00 -2.839E-18  1.175E+00  6.152E+00  1.001E+00
  8.27E-01  1.00E+00  2.2110E-02 -1.1014E+00  3.111E+03 -8.827E-07 -7.374E+00  0.000E+00  1.553  0.000E+00 -6.106E-18  1.175E+00 -6.107E+00  1.001E+00
  8.33E-01  1.00E+00  2.2289E-02 -1.1015E+00  3.202E+03  2.388E-08 -7.374E+00  0.000E+00  1.555  0.000E+00  1.186E-17  1.175E+00  5.771E+00  1.001E+00
  8.40E-01  1.00E+00  2.2467E-02 -1.1015E+00  3.310E+03  7.230E-08 -7.374E+00  0.000E+00  1.557  0.000E+00  9.852E-18  1.175E+00 -5.653E+00  1.001E+00
  8.47E-01  1.00E+00  2.2645E-02 -1.1016E+00  3.405E+03  1.099E-06 -7.374E+00  0.000E+00  1.559  0.000E+00 -1.466E-17  1.175E+00  5.353E+00  1.001E+00
  8.53E-01  1.00E+00  2.2823E-02 -1.1017E+00  3.506E+03 -1.018E-06 -7.374E+00  0.000E+00  1.561  0.000E+00 -1.635E-17  1.175E+00 -5.227E+00  1.001E+00
  8.60E-01  1.00E+00  2.3002E-02 -1.1018E+00  3.626E+03  4.368E-07 -7.374E+00  0.000E+00  1.562  0.000E+00 -4.186E-18  1.175E+00  4.832E+00  1.001E+00
  8.67E-01  1.00E+00  2.3180E-02 -1.1019E+00  3.748E+03  8.910E-07 -7.374E+00  0.000E+00  1.564  0.000E+00 -3.197E-17  1.175E+00 -4.778E+00  1.001E+00
  8.73E-01  1.00E+00  2.3358E-02 -1.1019E+00  3.864E+03 -2.137E-06 -7.374E+00  0.000E+00  1.566  0.000E+00 -5.893E-18  1.175E+00  4.355E+00  1.001E+00
  8.80E-01  1.00E+00  2.3537E-02 -1.1020E+00  3.987E+03  1.157E-06 -7.374E+00  0.000E+00  1.568  0.000E+00  1.462E-17  1.175E+00 -4.363E+00  1.001E+00
  8.87E-01  1.00E+00  2.3715E-02 -1.1021E+00  4.115E+03  1.995E-07 -7.374E+00  0.000E+00  1.570  0.000E+00 -1.377E-17  1.175E+00  3.887E+00  1.001E+00
  8.93E-01  1.00E+00  2.3893E-02 -1.1022E+00  4.260E+03 -9.232E-07 -7.374E+00  0.000E+00  1.572  0.000E+00  1.374E-18  1.175E+00 -3.922E+00  1.001E+00
  9.00E-01  1.00E+00  2.4072E-02 -1.1023E+00  4.390E+03  3.320E-07 -7.374E+00  0.000E+00  1.574  0.000E+00  1.375E-17  1.175E+00  3.418E+00  1.001E+00
  9.07E-01  1.00E+00  2.4250E-02 -1.1023E+00  4.539E+03  3.265E-07 -7.374E+00  0.000E+00  1.576  0.000E+00 -3.338E-20  1.175E+00 -3.416E+00  1.001E+00
  9.13E-01  1.00E+00  2.4428E-02 -1.1024E+00  4.671E+03 -3.118E-07 -7.374E+00  0.000E+00  1.578  0.000E+00 -3.399E-19  1.175E+00  2.981E+00  1.001E+00
  9.20E-01  1.00E+00  2.4607E-02 -1.1025E+00  4.831E+03  5.222E-07 -7.374E+00  0.000E+00  1.580  0.000E+00 -4.743E-18  1.175E+00 -2.953E+00  1.001E+00
  9.27E-01  1.00E+00  2.4785E-02 -1.1026E+00  4.968E+03  3.475E-07 -7.375E+00  0.000E+00  1.582  0.000E+00 -2.294E-17  1.175E+00  2.474E+00  1.001E+00
  9.33E-01  1.00E+00  2.4963E-02 -1.1027E+00  5.119E+03  8.372E-08 -7.375E+00  0.000E+00  1.584  0.000E+00 -3.197E-17  1.175E+00 -2.480E+00  1.001E+00
  9.40E-01  1.00E+00  2.5141E-02 -1.1027E+00  5.234E+03 -4.592E-07 -7.375E+00  0.000E+00  1.586  0.000E+00 -2.411E-17  1.175E+00  1.950E+00  1.001E+00
  9.47E-01  1.00E+00  2.5320E-02 -1.1028E+00  5.370E+03 -7.418E-07 -7.375E+00  0.000E+00  1.588  0.000E+00  1.027E-18  1.175E+00 -1.985E+00  1.001E+00
  9.53E-01  1.00E+00  2.5498E-02 -1.1029E+00  5.460E+03 -3.415E-07 -7.375E+00  0.000E+00  1.590  0.000E+00  2.370E-17  1.175E+00  1.499E+00  1.001E+00
  9.60E-01  1.00E+00  2.5676E-02 -1.1030E+00  5.518E+03  9.181E-07 -7.375E+00  0.000E+00  1.592  0.000E+00  1.163E-17  1.175E+00 -1.484E+00  1.001E+00
  9.67E-01  1.00E+00  2.5855E-02 -1.1030E+00  5.504E+03 -2.839E-08 -7.375E+00  0.000E+00  1.594  0.000E+00 -6.990E-18  1.175E+00  9.815E-01  1.001E+00
  9.73E-01  1.00E+00  2.6033E-02 -1.1031E+00  5.396E+03  5.685E-07 -7.375E+00  0.000E+00  1.596  0.000E+00 -1.829E-17  1.175E+00 -1.048E+00  1.001E+00
  9.80E-01  1.00E+00  2.6211E-02 -1.1032E+00  5.104E+03 -1.184E-07 -7.375E+00  0.000E+00  1.598  0.000E+00 -2.772E-17  1.175E+00  4.185E-01  1.001E+00
  9.87E-01  1.00E+00  2.6390E-02 -1.1033E+00  4.664E+03  6.234E-07 -7.376E+00  0.000E+00  1.601  0.000E+00 -3.829E-17  1.175E+00 -6.169E-01  1.001E+00
  9.93E-01  1.00E+00  2.6568E-02 -1.1034E+00  3.592E+03 -6.362E-07 -7.376E+00  0.000E+00  1.603  0.000E+00 -3.802E-17  1.175E+00 -9.523E-02  1.001E+00
  1.00E+00  1.00E+00  2.6746E-02 -1.1035E+00  2.520E+03 -1.896E-06 -7.376E+00  0.000E+00  1.606  0.000E+00 -1.138E-17  1.175E+00  4.264E-01  1.001E+00

 Magnetic field modulation (averaged over toroidal angle)
 -----------------------------------------------------------------------
 BMIN(u=0)             =       0.937307
 BMAX(u=0)             =       1.064060
 BMIN(u=pi)            =       0.945755
 BMAX(u=pi)            =       1.074014


 Geometric and Magnetic Quantities
 -----------------------------------------------------------------------
 Aspect Ratio          =       9.999995
 Mean Elongation       =       8.435532
 Plasma Volume         =       0.197392 [M**3]
 Cross Sectional Area  =       0.031416 [M**2]
 Normal Surface Area   =       7.474528 [M**2]
 Poloidal Circumference=       1.072695 [M]
 Major Radius          =       1.000000 [M] (from Volume and Cross Section)
 Minor Radius          =       0.100000 [M] (from Cross Section)
 Minimum (inboard)  R  =       0.641058 [M]
 Maximum (outboard) R  =       1.313026 [M]
 Maximum height     Z  =       0.356403 [M]
 Waist (v = 0)   in R  =       0.051808 [M]
 Full Height(v = 0)    =       0.676819 [M]
 Waist (v = pi)  in R  =       0.376671 [M]
 Full Height(v = pi)   =       0.106885 [M]
 Toroidal Flux         =       0.026746 [Wb]
 Toroidal Current      =       0.000000 [MA]
 RBtor(s=1)            =       1.174598 [T-m]
 RBtor(s=0)            =       1.174587 [T-m]
 Volume Average B      =       0.999999 [T]
 Ion Larmor Radius     =       0.003200 [M] X Ti(keV)**0.5
 <J||**2>/<J-perp**2>  = ************** (Vol. Averaged)
 <JPS**2>/<J-perp**2>  = ************** (Vol. Averaged)


-----------------------------------------------------------------------
 MORE GEOMETRIC AND PHYSICS QUANTITIES
-----------------------------------------------------------------------
 Toroidal Plane: Phi = 0
     j   psi-psiaxis         a [M]   ellipticity   indentation       d-shape    rel. shift      <J||**2>/    <JPS**2>/
                                                                                               <J-perp**2>   <J-perp**2>
 -----  ------------  ------------  ------------  ------------  ------------  ------------  ------------  ------------
     2      -0.00020       0.00212      13.89080       0.00000       0.25582      -0.00096      2.51E+29      2.51E+29
     3      -0.00039       0.00299      13.82689       0.00542       0.32863      -0.00155      5.19E+27      5.19E+27
     4      -0.00059       0.00366      13.53108       0.02687       0.37582      -0.00199      6.48E+26      6.48E+26
     5      -0.00078       0.00423      13.23501       0.04809       0.41197      -0.00232      1.64E+26      1.64E+26
     6      -0.00098       0.00473      12.86698       0.07425       0.43880      -0.00253      6.37E+25      6.37E+25
     7      -0.00118       0.00518      12.54783       0.09677       0.46204      -0.00267      3.45E+25      3.45E+25
     8      -0.00137       0.00559      12.26397       0.11669       0.48261      -0.00274      2.43E+25      2.43E+25
     9      -0.00157       0.00598      12.00720       0.13462       0.50107      -0.00278      2.05E+25      2.05E+25
    10      -0.00176       0.00635      11.75063       0.15253       0.51684      -0.00277      1.94E+25      1.94E+25
    11      -0.00196       0.00669      11.47529       0.17180       0.52935      -0.00273      1.95E+25      1.95E+25
    12      -0.00215       0.00702      11.22269       0.18944       0.54072      -0.00267      2.04E+25      2.04E+25
    13      -0.00235       0.00733      10.98962       0.20570       0.55112      -0.00260      2.18E+25      2.18E+25
    14      -0.00254       0.00763      10.77352       0.22075       0.56067      -0.00252      2.35E+25      2.35E+25
    15      -0.00274       0.00792      10.57232       0.23475       0.56950      -0.00243      2.53E+25      2.53E+25
    16      -0.00294       0.00820      10.38431       0.24782       0.57768      -0.00233      2.73E+25      2.73E+25
    17      -0.00313       0.00847      10.20802       0.26007       0.58530      -0.00223      2.95E+25      2.95E+25
    18      -0.00333       0.00873      10.04224       0.27158       0.59241      -0.00213      3.16E+25      3.16E+25
    19      -0.00352       0.00899       9.88591       0.28243       0.59909      -0.00203      3.38E+25      3.38E+25
    20      -0.00372       0.00924       9.73812       0.29268       0.60536      -0.00193      3.61E+25      3.61E+25
    21      -0.00391       0.00948       9.59809       0.30239       0.61127      -0.00183      3.83E+25      3.83E+25
    22      -0.00411       0.00971       9.46511       0.31161       0.61686      -0.00173      4.04E+25      4.04E+25
    23      -0.00430       0.00994       9.33858       0.32037       0.62216      -0.00163      4.26E+25      4.26E+25
    24      -0.00450       0.01017       9.21796       0.32873       0.62720      -0.00153      4.46E+25      4.46E+25
    25      -0.00469       0.01039       9.10277       0.33671       0.63199      -0.00144      4.67E+25      4.67E+25
    26      -0.00489       0.01061       8.99260       0.34435       0.63656      -0.00134      4.86E+25      4.86E+25
    27      -0.00508       0.01082       8.88705       0.35166       0.64093      -0.00125      5.05E+25      5.05E+25
    28      -0.00528       0.01102       8.78580       0.35867       0.64511      -0.00116      5.23E+25      5.23E+25
    29      -0.00548       0.01123       8.68853       0.36541       0.64912      -0.00107      5.40E+25      5.40E+25
    30      -0.00567       0.01143       8.59497       0.37190       0.65296      -0.00098      5.57E+25      5.57E+25
    31      -0.00587       0.01162       8.50487       0.37814       0.65666      -0.00089      5.73E+25      5.73E+25
    32      -0.00606       0.01182       8.41800       0.38416       0.66022      -0.00081      5.88E+25      5.88E+25
    33      -0.00626       0.01201       8.33417       0.38997       0.66365      -0.00072      6.02E+25      6.02E+25
    34      -0.00645       0.01219       8.25317       0.39558       0.66696      -0.00064      6.15E+25      6.15E+25
    35      -0.00665       0.01238       8.17484       0.40101       0.67016      -0.00056      6.28E+25      6.28E+25
    36      -0.00684       0.01256       8.09903       0.40626       0.67324      -0.00048      6.40E+25      6.40E+25
    37      -0.00704       0.01274       8.02558       0.41134       0.67623      -0.00041      6.52E+25      6.52E+25
    38      -0.00723       0.01292       7.95438       0.41628       0.67912      -0.00033      6.63E+25      6.63E+25
    39      -0.00743       0.01309       7.88529       0.42106       0.68192      -0.00026      6.73E+25      6.73E+25
    40      -0.00763       0.01326       7.81821       0.42570       0.68464      -0.00019      6.83E+25      6.83E+25
    41      -0.00782       0.01343       7.75303       0.43022       0.68727      -0.00011      6.92E+25      6.92E+25
    42      -0.00802       0.01360       7.68965       0.43460       0.68983      -0.00005      7.00E+25      7.00E+25
    43      -0.00821       0.01376       7.62799       0.43886       0.69231       0.00002      7.08E+25      7.08E+25
    44      -0.00841       0.01392       7.56797       0.44301       0.69473       0.00009      7.16E+25      7.16E+25
    45      -0.00860       0.01409       7.50950       0.44706       0.69708       0.00015      7.23E+25      7.23E+25
    46      -0.00880       0.01424       7.45252       0.45099       0.69936       0.00022      7.30E+25      7.30E+25
    47      -0.00899       0.01440       7.39696       0.45483       0.70158       0.00028      7.37E+25      7.37E+25
    48      -0.00919       0.01456       7.34275       0.45857       0.70375       0.00034      7.43E+25      7.43E+25
    49      -0.00939       0.01471       7.28984       0.46222       0.70586       0.00040      7.48E+25      7.48E+25
    50      -0.00958       0.01486       7.23818       0.46578       0.70791       0.00045      7.54E+25      7.54E+25
    51      -0.00978       0.01501       7.18770       0.46926       0.70992       0.00051      7.59E+25      7.59E+25
    52      -0.00997       0.01516       7.13837       0.47265       0.71187       0.00057      7.64E+25      7.64E+25
    53      -0.01017       0.01531       7.09013       0.47597       0.71378       0.00062      7.69E+25      7.69E+25
    54      -0.01037       0.01546       7.04295       0.47922       0.71564       0.00067      7.74E+25      7.74E+25
    55      -0.01056       0.01560       6.99678       0.48239       0.71746       0.00073      7.78E+25      7.78E+25
    56      -0.01076       0.01574       6.95159       0.48549       0.71923       0.00078      7.83E+25      7.83E+25
    57      -0.01095       0.01589       6.90734       0.48853       0.72097       0.00083      7.87E+25      7.87E+25
    58      -0.01115       0.01603       6.86399       0.49150       0.72266       0.00087      7.91E+25      7.91E+25
    59      -0.01134       0.01617       6.82151       0.49441       0.72432       0.00092      7.95E+25      7.95E+25
    60      -0.01154       0.01630       6.77988       0.49726       0.72594       0.00097      7.99E+25      7.99E+25
    61      -0.01174       0.01644       6.73905       0.50006       0.72752       0.00101      8.03E+25      8.03E+25
    62      -0.01193       0.01658       6.69902       0.50280       0.72907       0.00106      8.06E+25      8.06E+25
    63      -0.01213       0.01671       6.65974       0.50548       0.73059       0.00110      8.10E+25      8.10E+25
    64      -0.01232       0.01685       6.62119       0.50811       0.73207       0.00114      8.14E+25      8.14E+25
    65      -0.01252       0.01698       6.58335       0.51069       0.73353       0.00118      8.17E+25      8.17E+25
    66      -0.01272       0.01711       6.54620       0.51322       0.73495       0.00123      8.21E+25      8.21E+25
    67      -0.01291       0.01724       6.50972       0.51571       0.73634       0.00126      8.25E+25      8.25E+25
    68      -0.01311       0.01737       6.47388       0.51815       0.73771       0.00130      8.28E+25      8.28E+25
    69      -0.01330       0.01750       6.43867       0.52054       0.73905       0.00134      8.32E+25      8.32E+25
    70      -0.01350       0.01763       6.40406       0.52290       0.74036       0.00138      8.36E+25      8.36E+25
    71      -0.01370       0.01775       6.37003       0.52521       0.74165       0.00141      8.40E+25      8.40E+25
    72      -0.01389       0.01788       6.33658       0.52748       0.74291       0.00145      8.43E+25      8.43E+25
    73      -0.01409       0.01800       6.30368       0.52971       0.74415       0.00148      8.48E+25      8.48E+25
    74      -0.01428       0.01813       6.27132       0.53190       0.74536       0.00151      8.52E+25      8.52E+25
    75      -0.01448       0.01825       6.23948       0.53406       0.74655       0.00155      8.56E+25      8.56E+25
    76      -0.01467       0.01837       6.20815       0.53618       0.74772       0.00158      8.60E+25      8.60E+25
    77      -0.01487       0.01849       6.17732       0.53827       0.74887       0.00161      8.64E+25      8.64E+25
    78      -0.01507       0.01861       6.14696       0.54032       0.75000       0.00164      8.69E+25      8.69E+25
    79      -0.01526       0.01873       6.11708       0.54234       0.75111       0.00166      8.73E+25      8.73E+25
    80      -0.01546       0.01885       6.08765       0.54433       0.75220       0.00169      8.77E+25      8.77E+25
    81      -0.01565       0.01897       6.05866       0.54629       0.75327       0.00172      8.82E+25      8.82E+25
    82      -0.01585       0.01909       6.03010       0.54822       0.75432       0.00174      8.87E+25      8.87E+25
    83      -0.01605       0.01921       6.00196       0.55012       0.75535       0.00177      8.93E+25      8.93E+25
    84      -0.01624       0.01932       5.97423       0.55199       0.75637       0.00179      8.98E+25      8.98E+25
    85      -0.01644       0.01944       5.94691       0.55383       0.75737       0.00182      9.03E+25      9.03E+25
    86      -0.01664       0.01955       5.91997       0.55565       0.75835       0.00184      9.09E+25      9.09E+25
    87      -0.01683       0.01967       5.89342       0.55744       0.75931       0.00186      9.15E+25      9.15E+25
    88      -0.01703       0.01978       5.86723       0.55920       0.76026       0.00188      9.20E+25      9.20E+25
    89      -0.01722       0.01989       5.84142       0.56095       0.76120       0.00190      9.25E+25      9.25E+25
    90      -0.01742       0.02000       5.81595       0.56266       0.76212       0.00192      9.32E+25      9.32E+25
    91      -0.01762       0.02012       5.79083       0.56436       0.76303       0.00194      9.40E+25      9.40E+25
    92      -0.01781       0.02023       5.76605       0.56603       0.76392       0.00196      9.47E+25      9.47E+25
    93      -0.01801       0.02034       5.74160       0.56768       0.76479       0.00197      9.53E+25      9.53E+25
    94      -0.01820       0.02045       5.71748       0.56930       0.76566       0.00199      9.60E+25      9.60E+25
    95      -0.01840       0.02056       5.69367       0.57091       0.76651       0.00200      9.68E+25      9.68E+25
    96      -0.01860       0.02066       5.67017       0.57249       0.76735       0.00202      9.77E+25      9.77E+25
    97      -0.01879       0.02077       5.64697       0.57406       0.76818       0.00203      9.84E+25      9.84E+25
    98      -0.01899       0.02088       5.62407       0.57561       0.76899       0.00204      9.91E+25      9.91E+25
    99      -0.01918       0.02099       5.60146       0.57713       0.76979       0.00205      1.00E+26      1.00E+26
   100      -0.01938       0.02109       5.57914       0.57864       0.77058       0.00206      1.01E+26      1.01E+26
   101      -0.01958       0.02120       5.55709       0.58013       0.77136       0.00207      1.02E+26      1.02E+26
   102      -0.01977       0.02130       5.53532       0.58161       0.77213       0.00208      1.03E+26      1.03E+26
   103      -0.01997       0.02141       5.51381       0.58306       0.77289       0.00209      1.04E+26      1.04E+26
   104      -0.02016       0.02151       5.49257       0.58450       0.77364       0.00209      1.05E+26      1.05E+26
   105      -0.02036       0.02162       5.47158       0.58592       0.77438       0.00210      1.06E+26      1.06E+26
   106      -0.02056       0.02172       5.45085       0.58733       0.77510       0.00210      1.07E+26      1.07E+26
   107      -0.02075       0.02182       5.43037       0.58872       0.77582       0.00211      1.08E+26      1.08E+26
   108      -0.02095       0.02192       5.41013       0.59010       0.77653       0.00211      1.09E+26      1.09E+26
   109      -0.02115       0.02202       5.39012       0.59146       0.77723       0.00211      1.11E+26      1.11E+26
   110      -0.02134       0.02213       5.37036       0.59281       0.77792       0.00211      1.11E+26      1.11E+26
   111      -0.02154       0.02223       5.35082       0.59414       0.77860       0.00211      1.12E+26      1.12E+26
   112      -0.02173       0.02233       5.33151       0.59546       0.77927       0.00211      1.13E+26      1.13E+26
   113      -0.02193       0.02243       5.31242       0.59676       0.77994       0.00211      1.16E+26      1.16E+26
   114      -0.02213       0.02253       5.29354       0.59805       0.78059       0.00210      1.18E+26      1.18E+26
   115      -0.02232       0.02262       5.27489       0.59933       0.78124       0.00210      1.19E+26      1.19E+26
   116      -0.02252       0.02272       5.25644       0.60060       0.78188       0.00209      1.21E+26      1.21E+26
   117      -0.02272       0.02282       5.23821       0.60185       0.78251       0.00209      1.23E+26      1.23E+26
   118      -0.02291       0.02292       5.22018       0.60309       0.78313       0.00208      1.24E+26      1.24E+26
   119      -0.02311       0.02301       5.20236       0.60432       0.78375       0.00207      1.26E+26      1.26E+26
   120      -0.02330       0.02311       5.18473       0.60554       0.78435       0.00206      1.27E+26      1.27E+26
   121      -0.02350       0.02321       5.16730       0.60675       0.78495       0.00205      1.29E+26      1.29E+26
   122      -0.02370       0.02330       5.15007       0.60794       0.78555       0.00204      1.32E+26      1.32E+26
   123      -0.02389       0.02340       5.13303       0.60913       0.78613       0.00203      1.34E+26      1.34E+26
   124      -0.02409       0.02349       5.11618       0.61030       0.78671       0.00202      1.36E+26      1.36E+26
   125      -0.02429       0.02359       5.09951       0.61146       0.78728       0.00200      1.38E+26      1.38E+26
   126      -0.02448       0.02368       5.08303       0.61261       0.78784       0.00199      1.41E+26      1.41E+26
   127      -0.02468       0.02377       5.06674       0.61375       0.78840       0.00197      1.44E+26      1.44E+26
   128      -0.02488       0.02387       5.05062       0.61488       0.78895       0.00195      1.46E+26      1.46E+26
   129      -0.02507       0.02396       5.03469       0.61600       0.78949       0.00193      1.48E+26      1.48E+26
   130      -0.02527       0.02405       5.01893       0.61712       0.79003       0.00191      1.51E+26      1.51E+26
   131      -0.02546       0.02414       5.00334       0.61822       0.79055       0.00189      1.54E+26      1.54E+26
   132      -0.02566       0.02424       4.98793       0.61931       0.79107       0.00187      1.57E+26      1.57E+26
   133      -0.02586       0.02433       4.97270       0.62039       0.79159       0.00185      1.59E+26      1.59E+26
   134      -0.02605       0.02442       4.95763       0.62146       0.79209       0.00182      1.62E+26      1.62E+26
   135      -0.02625       0.02451       4.94273       0.62252       0.79259       0.00180      1.66E+26      1.66E+26
   136      -0.02645       0.02460       4.92800       0.62357       0.79308       0.00177      1.69E+26      1.69E+26
   137      -0.02664       0.02469       4.91344       0.62462       0.79357       0.00174      1.71E+26      1.71E+26
   138      -0.02684       0.02478       4.89904       0.62565       0.79405       0.00171      1.74E+26      1.74E+26
   139      -0.02704       0.02487       4.88480       0.62667       0.79452       0.00169      1.77E+26      1.77E+26
   140      -0.02723       0.02495       4.87073       0.62769       0.79498       0.00165      1.79E+26      1.79E+26
   141      -0.02743       0.02504       4.85681       0.62870       0.79544       0.00162      1.80E+26      1.80E+26
   142      -0.02763       0.02513       4.84305       0.62969       0.79589       0.00159      1.80E+26      1.80E+26
   143      -0.02782       0.02522       4.82945       0.63068       0.79633       0.00156      1.79E+26      1.79E+26
   144      -0.02802       0.02530       4.81600       0.63166       0.79676       0.00152      1.77E+26      1.77E+26
   145      -0.02822       0.02539       4.80270       0.63263       0.79719       0.00148      1.72E+26      1.72E+26
   146      -0.02841       0.02548       4.78954       0.63359       0.79760       0.00145      1.64E+26      1.64E+26
   147      -0.02861       0.02556       4.77653       0.63454       0.79801       0.00141      1.51E+26      1.51E+26
   148      -0.02881       0.02565       4.76365       0.63549       0.79842       0.00137      1.35E+26      1.35E+26
   149      -0.02900       0.02573       4.75089       0.63642       0.79881       0.00133      1.12E+26      1.12E+26
   150      -0.02920       0.02582       4.73825       0.63735       0.79919       0.00129      8.65E+25      8.65E+25
   151      -0.02940       0.02590       4.72570       0.63826       0.79957       0.00125      0.00E+00      0.00E+00

-----------------------------------------------------------------------
 Toroidal Plane: Phi = 180/Nfp
-----------------------------------------------------------------------

     2      -0.00020       0.01485       0.27379       0.00000       0.06696      -0.00043
     3      -0.00039       0.02098       0.27389       0.00000       0.06977      -0.00118
     4      -0.00059       0.02567       0.27415       0.00000       0.07211      -0.00210
     5      -0.00078       0.02962       0.27440       0.00000       0.07410      -0.00302
     6      -0.00098       0.03309       0.27462       0.00000       0.07586      -0.00391
     7      -0.00118       0.03623       0.27482       0.00000       0.07746      -0.00475
     8      -0.00137       0.03912       0.27500       0.00000       0.07892      -0.00554
     9      -0.00157       0.04181       0.27516       0.00000       0.08028      -0.00629
    10      -0.00176       0.04433       0.27530       0.00000       0.08154      -0.00700
    11      -0.00196       0.04673       0.27544       0.00000       0.08274      -0.00767
    12      -0.00215       0.04900       0.27557       0.00000       0.08387      -0.00832
    13      -0.00235       0.05118       0.27569       0.00000       0.08494      -0.00893
    14      -0.00254       0.05328       0.27580       0.00000       0.08597      -0.00953
    15      -0.00274       0.05529       0.27592       0.00000       0.08695      -0.01010
    16      -0.00294       0.05724       0.27602       0.00000       0.08790      -0.01067
    17      -0.00313       0.05913       0.27613       0.00000       0.08882      -0.01121
    18      -0.00333       0.06096       0.27623       0.00000       0.08970      -0.01175
    19      -0.00352       0.06274       0.27633       0.00000       0.09055      -0.01227
    20      -0.00372       0.06448       0.27642       0.00000       0.09138      -0.01278
    21      -0.00391       0.06617       0.27651       0.00000       0.09219      -0.01329
    22      -0.00411       0.06783       0.27660       0.00000       0.09298      -0.01379
    23      -0.00430       0.06944       0.27668       0.00000       0.09374      -0.01428
    24      -0.00450       0.07103       0.27676       0.00000       0.09449      -0.01477
    25      -0.00469       0.07258       0.27684       0.00000       0.09522      -0.01525
    26      -0.00489       0.07410       0.27692       0.00000       0.09593      -0.01572
    27      -0.00508       0.07559       0.27699       0.00000       0.09663      -0.01619
    28      -0.00528       0.07706       0.27706       0.00000       0.09732      -0.01666
    29      -0.00548       0.07850       0.27713       0.00000       0.09799      -0.01712
    30      -0.00567       0.07992       0.27720       0.00000       0.09865      -0.01758
    31      -0.00587       0.08132       0.27726       0.00000       0.09930      -0.01803
    32      -0.00606       0.08270       0.27732       0.00000       0.09993      -0.01848
    33      -0.00626       0.08405       0.27738       0.00000       0.10056      -0.01893
    34      -0.00645       0.08539       0.27744       0.00000       0.10117      -0.01937
    35      -0.00665       0.08670       0.27750       0.00000       0.10178      -0.01981
    36      -0.00684       0.08800       0.27756       0.00000       0.10238      -0.02025
    37      -0.00704       0.08929       0.27761       0.00000       0.10297      -0.02068
    38      -0.00723       0.09055       0.27767       0.00000       0.10355      -0.02111
    39      -0.00743       0.09180       0.27772       0.00000       0.10412      -0.02154
    40      -0.00763       0.09304       0.27777       0.00000       0.10468      -0.02196
    41      -0.00782       0.09426       0.27782       0.00000       0.10524      -0.02238
    42      -0.00802       0.09547       0.27787       0.00000       0.10579      -0.02280
    43      -0.00821       0.09666       0.27793       0.00000       0.10634      -0.02322
    44      -0.00841       0.09784       0.27798       0.00000       0.10687      -0.02363
    45      -0.00860       0.09901       0.27803       0.00000       0.10741      -0.02404
    46      -0.00880       0.10017       0.27808       0.00000       0.10793      -0.02445
    47      -0.00899       0.10131       0.27813       0.00000       0.10845      -0.02486
    48      -0.00919       0.10245       0.27818       0.00000       0.10897      -0.02526
    49      -0.00939       0.10357       0.27823       0.00000       0.10948      -0.02567
    50      -0.00958       0.10468       0.27828       0.00000       0.10998      -0.02607
    51      -0.00978       0.10578       0.27833       0.00000       0.11048      -0.02646
    52      -0.00997       0.10687       0.27838       0.00000       0.11098      -0.02686
    53      -0.01017       0.10795       0.27843       0.00000       0.11147      -0.02725
    54      -0.01037       0.10902       0.27848       0.00000       0.11196      -0.02765
    55      -0.01056       0.11008       0.27853       0.00000       0.11244      -0.02804
    56      -0.01076       0.11113       0.27858       0.00000       0.11292      -0.02843
    57      -0.01095       0.11217       0.27863       0.00000       0.11340      -0.02881
    58      -0.01115       0.11321       0.27868       0.00000       0.11387      -0.02920
    59      -0.01134       0.11423       0.27874       0.00000       0.11434      -0.02959
    60      -0.01154       0.11525       0.27879       0.00000       0.11480      -0.02997
    61      -0.01174       0.11626       0.27884       0.00000       0.11527      -0.03035
    62      -0.01193       0.11726       0.27889       0.00000       0.11572      -0.03073
    63      -0.01213       0.11825       0.27895       0.00000       0.11618      -0.03111
    64      -0.01232       0.11924       0.27900       0.00000       0.11663      -0.03149
    65      -0.01252       0.12022       0.27905       0.00000       0.11708      -0.03187
    66      -0.01272       0.12119       0.27911       0.00000       0.11753      -0.03224
    67      -0.01291       0.12215       0.27916       0.00000       0.11797      -0.03262
    68      -0.01311       0.12311       0.27921       0.00000       0.11841      -0.03299
    69      -0.01330       0.12406       0.27927       0.00000       0.11885      -0.03337
    70      -0.01350       0.12501       0.27932       0.00000       0.11929      -0.03374
    71      -0.01370       0.12595       0.27937       0.00000       0.11972      -0.03411
    72      -0.01389       0.12688       0.27943       0.00000       0.12016      -0.03448
    73      -0.01409       0.12780       0.27948       0.00000       0.12059      -0.03485
    74      -0.01428       0.12872       0.27953       0.00000       0.12101      -0.03522
    75      -0.01448       0.12964       0.27959       0.00000       0.12144      -0.03559
    76      -0.01467       0.13054       0.27964       0.00000       0.12186      -0.03596
    77      -0.01487       0.13145       0.27969       0.00000       0.12228      -0.03633
    78      -0.01507       0.13234       0.27975       0.00000       0.12270      -0.03670
    79      -0.01526       0.13324       0.27980       0.00000       0.12312      -0.03706
    80      -0.01546       0.13412       0.27985       0.00000       0.12353      -0.03743
    81      -0.01565       0.13500       0.27991       0.00000       0.12395      -0.03780
    82      -0.01585       0.13588       0.27996       0.00000       0.12436      -0.03816
    83      -0.01605       0.13675       0.28001       0.00000       0.12477      -0.03853
    84      -0.01624       0.13762       0.28006       0.00000       0.12518      -0.03889
    85      -0.01644       0.13848       0.28011       0.00000       0.12558      -0.03926
    86      -0.01664       0.13934       0.28016       0.00000       0.12599      -0.03962
    87      -0.01683       0.14019       0.28021       0.00000       0.12639      -0.03999
    88      -0.01703       0.14104       0.28026       0.00000       0.12679      -0.04035
    89      -0.01722       0.14188       0.28031       0.00000       0.12719      -0.04071
    90      -0.01742       0.14272       0.28036       0.00000       0.12759      -0.04108
    91      -0.01762       0.14355       0.28041       0.00000       0.12799      -0.04144
    92      -0.01781       0.14438       0.28052       0.00000       0.23517      -0.04180
    93      -0.01801       0.14521       0.28063       0.00000       0.23551      -0.04216
    94      -0.01820       0.14603       0.28075       0.00000       0.23585      -0.04253
    95      -0.01840       0.14685       0.28086       0.00000       0.23619      -0.04289
    96      -0.01860       0.14767       0.28097       0.00000       0.23653      -0.04325
    97      -0.01879       0.14848       0.28108       0.00000       0.23686      -0.04361
    98      -0.01899       0.14929       0.28119       0.00000       0.23720      -0.04397
    99      -0.01918       0.15009       0.28130       0.00000       0.23754      -0.04433
   100      -0.01938       0.15089       0.28140       0.00000       0.23787      -0.04469
   101      -0.01958       0.15169       0.28151       0.00000       0.23821      -0.04505
   102      -0.01977       0.15249       0.28161       0.00000       0.23854      -0.04541
   103      -0.01997       0.15328       0.28171       0.00000       0.23887      -0.04577
   104      -0.02016       0.15406       0.28181       0.00000       0.23920      -0.04613
   105      -0.02036       0.15485       0.28190       0.00000       0.23954      -0.04649
   106      -0.02056       0.15563       0.28200       0.00000       0.23987      -0.04685
   107      -0.02075       0.15641       0.28209       0.00000       0.24019      -0.04721
   108      -0.02095       0.15718       0.28218       0.00000       0.24052      -0.04757
   109      -0.02115       0.15796       0.28227       0.00000       0.24085      -0.04793
   110      -0.02134       0.15873       0.28236       0.00000       0.24118      -0.04829
   111      -0.02154       0.15949       0.28244       0.00000       0.24150      -0.04865
   112      -0.02173       0.16026       0.28253       0.00000       0.24183      -0.04901
   113      -0.02193       0.16102       0.28261       0.00000       0.24216      -0.04937
   114      -0.02213       0.16178       0.28269       0.00000       0.24248      -0.04973
   115      -0.02232       0.16254       0.28276       0.00000       0.24280      -0.05009
   116      -0.02252       0.16329       0.28283       0.00000       0.24313      -0.05045
   117      -0.02272       0.16404       0.28291       0.00000       0.24345      -0.05080
   118      -0.02291       0.16479       0.28297       0.00000       0.24377      -0.05116
   119      -0.02311       0.16554       0.28304       0.00000       0.24409      -0.05152
   120      -0.02330       0.16628       0.28310       0.00000       0.24441      -0.05188
   121      -0.02350       0.16702       0.28317       0.00000       0.24473      -0.05224
   122      -0.02370       0.16776       0.28322       0.00000       0.24505      -0.05259
   123      -0.02389       0.16850       0.28328       0.00000       0.24537      -0.05295
   124      -0.02409       0.16923       0.28333       0.00000       0.24569      -0.05331
   125      -0.02429       0.16997       0.28338       0.00000       0.24601      -0.05367
   126      -0.02448       0.17070       0.28343       0.00000       0.24633      -0.05403
   127      -0.02468       0.17142       0.28348       0.00000       0.24665      -0.05438
   128      -0.02488       0.17215       0.28352       0.00000       0.24697      -0.05474
   129      -0.02507       0.17288       0.28356       0.00000       0.24729      -0.05510
   130      -0.02527       0.17360       0.28360       0.00000       0.24760      -0.05546
   131      -0.02546       0.17432       0.28363       0.00000       0.24792      -0.05581
   132      -0.02566       0.17504       0.28366       0.00000       0.24824      -0.05617
   133      -0.02586       0.17575       0.28369       0.00000       0.24856      -0.05653
   134      -0.02605       0.17647       0.28372       0.00000       0.24887      -0.05689
   135      -0.02625       0.17718       0.28374       0.00000       0.24919      -0.05725
   136      -0.02645       0.17789       0.28376       0.00000       0.24951      -0.05760
   137      -0.02664       0.17860       0.28378       0.00000       0.24983      -0.05796
   138      -0.02684       0.17931       0.28380       0.00000       0.25014      -0.05832
   139      -0.02704       0.18001       0.28381       0.00000       0.25046      -0.05868
   140      -0.02723       0.18071       0.28382       0.00000       0.25078      -0.05904
   141      -0.02743       0.18142       0.28383       0.00000       0.25110      -0.05940
   142      -0.02763       0.18212       0.28383       0.00000       0.25142      -0.05975
   143      -0.02782       0.18281       0.28384       0.00000       0.25174      -0.06011
   144      -0.02802       0.18351       0.28384       0.00000       0.25206      -0.06047
   145      -0.02822       0.18420       0.28383       0.00000       0.25238      -0.06083
   146      -0.02841       0.18490       0.28383       0.00000       0.25270      -0.06119
   147      -0.02861       0.18559       0.28382       0.00000       0.25302      -0.06155
   148      -0.02881       0.18628       0.28381       0.00000       0.25334      -0.06191
   149      -0.02900       0.18696       0.28380       0.00000       0.25366      -0.06227
   150      -0.02920       0.18765       0.28378       0.00000       0.25398      -0.06263
   151      -0.02940       0.18834       0.28376       0.00000       0.25430      -0.06298


 Magnetic Fields and Pressure
 -----------------------------------------------------------------------
 Volume Integrals (Joules) and Volume Averages (Pascals)
                        Integral      Average
 pressure         =   0.000000E+00  0.000000E+00
 bpol**2 /(2 mu0) =   2.112008E+04  1.069956E+05
 btor**2/(2 mu0)  =   5.741953E+04  2.908907E+05
 b**2/(2 mu0)     =   7.853961E+04  3.978863E+05
 EKIN (3/2p)      =   0.000000E+00  0.000000E+00


 MAGNETIC AXIS COEFFICIENTS
    n     rmag       zmag        rmag        zmag
        (cos nv)   (sin nv)    (sin nv)    (cos nv)

    0  1.0092E+00  0.0000E+00
    1  2.3756E-01 -1.4318E-01
    2  3.8043E-02 -2.5426E-02
    3  3.5308E-03 -3.6746E-03
    4 -8.0481E-04 -5.6755E-05
    5 -4.0715E-04  2.7551E-04
    6  7.7888E-06  1.0964E-04
    7  1.0376E-04 -1.0260E-05
    8  7.4836E-05 -4.1398E-05
    9  2.8589E-05 -1.5975E-05
   10  1.2915E-05 -2.6728E-07

 From volume averages over plasma, betas are
 beta total    =       0.000000
 beta poloidal =       0.000000
 beta toroidal =       0.000000

 R * Btor-vac         =       1.174598 [Wb/M]
 Peak Beta            =       0.000000
 Beta-star            =       0.000000

 Shafranov Surface Integrals
 Ref: S. P. Hirshman, Phys. Fluids B, 5, (1993) 3119
 Note: s1 = S1/2, s2 = S2/2, where  s1,s2 are the Shafranov definitions,
 and s3 = S3/2, where S3 is Lao's definition.
 The quantity lsubi gives the ratio of volume poloidal
 field energy to the field energy estimated from the
 surface integral in Eq.8.
 ----------------------

 RT (Pressure-weighted)  =       0.905398 [M]
 RG (Geometric)          =       0.000000 [M]
 RL (Vol/2*pi*Area-Lao)  =       1.000000 [M]
 Poloidal Field Energy
 Normalization Ratio     =       0.000000 (Lao/Hirshman)

 s3                      =      -1.092067
 lsubi                   =       0.976445
 musubi                  =       2.530046
 betai                   =       0.000000
 lambda                  =       0.488222


                                R = RT            R = RG            R = RL
                              --------          --------          --------
 delta = 1 - RT/R     =       0.000000          1.000000          0.094602
 s1                   =      -2.530028         -0.776790         -2.713218
 s2                   =       1.753237          Infinity          1.936428
 betai (Mui + s1)     =       0.000018          1.753255         -0.183172
 lambda (s1/2 + s2)   =       0.488224          Infinity          0.579819
 1st Shafr'v relation =       0.000013         -1.000000          0.000013
 (3*Betai + Li - Mui)/[2*(s1+s2)] - 1
 Radial force balance =       0.000004         -1.000000         -0.094598
 (Betai + Li + Mui)/(2*s2) - 1


 EXECUTION TERMINATED NORMALLY

 FILE : 1327932
 NUMBER OF JACOBIAN RESETS =    8

    TOTAL COMPUTATIONAL TIME (SEC)        95.23
    TIME TO INPUT/OUTPUT                   0.12
       READ IN DATA                        0.00
       WRITE OUT DATA TO WOUT              0.11
    TIME IN FUNCT3D                       94.61
       BCOVAR FIELDS                      12.54
       FOURIER TRANSFORM                  11.45
       INVERSE FOURIER TRANSFORM          10.72
       FORCES AND SYMMETRIZE               4.35
       RESIDUE                            37.07
       EQFORCE                             0.00

 NO. OF PROCS:     8
 PARVMEC     :     T
 LPRECOND    :     F
 LV3FITCALL  :     F
