  -2.5005125698840044E-005  -168.12041732525944     
  -1.0025005125698840E-002   0.0000000000000000     
   169504.16400729975       -43.013774956891730     
 
   16908137.390651323      -0.15216164687443878     
  -4290.6486747422914        4114.5709931226611     
 
   5.9143120633579567E-008   2.1871817625558195E-012
   6.1674073090668551E-008   2.4303870587137470E-004
 
   800.64962619546759        1906.9332661625963     
 
 
  -3.5856298674943193E-005  -246.78088594122951     
  -1.0035856298674943E-002   0.0000000000000000     
   169878.88195210602        292.24306698173837     
 
   16927193.544464715      -0.23211038985625995     
   29119.893538168424        4117.7431405663492     
 
   5.9076532704761300E-008   3.3300467196145381E-012
  -4.1777796337490011E-007   2.4285145257794182E-004
 
   907.42931419363697        2164.6518330013550     
 
 
   8.4642643888247632E-006  -314.10880450787437     
  -9.9915357356111754E-003  0.28463420681168827     
   169351.21673607116       -309.64150277961221     
 
   16949463.713715330      -0.15578253928473190     
   86571.413894612735        4126.7804440920181     
 
   5.8998905456958020E-008   2.2271597511960602E-012
  -1.2376763757702710E-006   2.4231960501394040E-004
 
   159.96274597204609        377.31565078406902     
 
 
   9.8944438383149341E-006  -313.24043812758447     
  -9.9901055561616853E-003  0.28230325189093719     
   169299.83593345576       -264.11638447152421     
 
   16946747.077997826      -0.15511930019135031     
   90169.539896677728        4126.4831282917921     
 
   5.9008362807566245E-008   2.2181929889378010E-012
  -1.2894168615241789E-006   2.4233706255343904E-004
 
   159.96805812745322        377.30692150130039     
 
 
   1.1820445339500579E-005  -312.39489299297770     
  -9.9881795546604996E-003  0.27936384194936181     
   169241.12532233552       -217.95960656312926     
 
   16944136.945140526      -0.15433463041828380     
   93585.330578882917        4126.1842764757021     
 
   5.9017452269812257E-008   2.2074721035169006E-012
  -1.3385654664244244E-006   2.4235461298086362E-004
 
   159.97325061597010        377.29819033362679     
 
 
   1.4201079648662809E-005  -311.57211793893748     
  -9.9857989203513374E-003  0.27595956205317407     
   169175.90824578225       -171.90204677232819     
 
   16941645.556376696      -0.15342806203626758     
   96804.980873115594        4125.8839222261540     
 
   5.9026130855267269E-008   2.1949877983325360E-012
  -1.3849210438705505E-006   2.4237225437372223E-004
 
   159.97831187252893        377.28945740421483     
 
 
  -5.2656536402898502E-006  -311.05741302040201     
  -6.5583484036074809E-006  -1.3166353757014804E-002
   31.985348816874282        14.443135781302367     
 
   4877046.1730895601       -1.4557354269743434E-003
  -6083640.3414014466        4127.3210264159034     
 
   2.0504223344977583E-007   7.2319851387471005E-014
   3.0223071942366779E-004   2.4228802013890089E-004
 
   159.98323112871952        377.28072283346950     
 
 
  -3.1010907921354136E-005  -344.91357586494786     
  -1.0031010907921354E-002   0.0000000000000000     
   170271.10100899966       -966.09747266062379     
 
   16974470.726030104      -0.26198196179745398     
  -96311.077869306013        4099.6039431553181     
 
   5.8912020217004956E-008   3.7647262623187248E-012
   1.3840069053575726E-006   2.4392609053234049E-004
 
   1014.4436305870438        2434.3384563925911     
 
 
  -3.3338264073368151E-005  -106.31121381109094     
  -1.0033338264073368E-002   0.0000000000000000     
   170253.30169238820        224.06876774466568     
 
   16968759.271479819       -8.9119705326299800E-002
   22332.424348433895        4117.1097340898023     
 
   5.8931826158463525E-008   1.2756490161280796E-012
  -3.1966370449193321E-007   2.4288883126714661E-004
 
   492.65913420170403        1172.0130793158842     
 
 
  -4.9697598964771467E-005  -477.62476232878959     
  -1.0049697598964772E-002   0.0000000000000000     
   170630.00699134430        594.01513039059046     
 
   16978621.029245805      -0.40891133319467898     
   59107.761655620117        4129.4002116593001     
 
   5.8897577933066027E-008   5.8322966726613296E-012
  -8.4305318451129220E-007   2.4216583620122705E-004
 
   378.19976798689783        887.10105995875290     
 
 
  -4.2763657297930843E-005  -389.41116483354961     
  -1.0042763657297931E-002   0.0000000000000000     
   170110.99292084688        863.37687546332563     
 
   16938663.372529902      -0.27455675030053145     
   85970.048178524346        4136.5750779011341     
 
   5.9036515523075359E-008   3.9184285419295965E-012
  -1.2269503123308941E-006   2.4174580282002313E-004
 
   151.49279994803805        362.10500250785270     
 
 
  -6.1353776940031510E-005   310.17231504938525     
  -1.0061353776940032E-002   0.0000000000000000     
   170557.82203700676        107.99856408291988     
 
   16951776.651360199       0.40583777473965066     
   10733.999268613807        4134.4648976585731     
 
   5.8990870557231841E-008  -5.7905253108956946E-012
  -1.5315354636940226E-007   2.4186928342814418E-004
 
   1202.3675433105050        2801.7038573268319     
 
 
  -5.8154050119099340E-005   233.54508470986826     
  -1.0058154050119100E-002   0.0000000000000000     
   170747.65544124931       -114.70348471791266     
 
   16976042.978704173       0.25675607461569111     
  -11404.029421930472        4108.8878412096183     
 
   5.8906540191774822E-008  -3.6809503236230954E-012
   1.6349239586285875E-007   2.4337484902677304E-004
 
   1302.0362860592215        2948.0725980840962     
 
 
  -5.9493674037460267E-005   219.43577153622243     
  -1.0059493674037460E-002   0.0000000000000000     
   170921.16672362515       -282.71906846790932     
 
   16991030.787638493       0.16651773402265702     
  -28104.701650897619        4121.2519715788940     
 
   5.8854577198141157E-008  -2.3779984576243698E-012
   4.0135627337286541E-007   2.4264469633579635E-004
 
   1302.7316428573179        2948.7336618753916     
 
 
  -4.6943291765829190E-005   77.131385206716317     
  -1.0046943291765829E-002   0.0000000000000000     
   170572.04129895111       -272.41569480047048     
 
   16977506.127535004       0.10224935700819743     
  -27114.286095725442        4113.2575188349629     
 
   5.8901463665348137E-008  -1.4642012465899288E-012
   3.8827404556269561E-007   2.4311630276493555E-004
 
   277.77017812254599        880.98454891134406     
 
 
  -4.4975644421298491E-005  -41.964415504180046     
  -1.0044975644421299E-002   0.0000000000000000     
   170569.04704679654       -226.45213136348409     
 
   16980533.660280786       -8.2578178261026400E-003
  -22543.820849306772        4115.1356576779854     
 
   5.8890964363696336E-008   1.1817614187555451E-013
   3.2262055511608800E-007   2.4300535531516444E-004
 
   277.58588823080873        978.43023344466337     
 
 
  -4.8893464355341879E-005  -211.31467421807994     
  -1.0048893464355342E-002   0.0000000000000000     
   170126.39496766179        317.14585791366761     
 
   16929863.528867230      -0.12933197153493384     
   31560.276665143778        4126.5468935039435     
 
   5.9067218106563917E-008   1.8512523831564096E-012
  -4.5175246844235720E-007   2.4233335216623222E-004
 
   1244.7118836816601        3016.6838958887524     
 
 
  -5.4222408883804890E-005  -457.11823429102242     
  -1.0054222408883805E-002   0.0000000000000000     
   170968.98470240997        181.96123775579477     
 
   17004694.918161307      -0.42266776130826661     
   18097.992102813289        4119.5400814597369     
 
   5.8807282083884064E-008   6.0336692386814809E-012
  -2.5835256016368711E-007   2.4274551795314906E-004
 
   548.36594313364014        1258.0568089177275     
 
 
  -2.1508183324261965E-005  -311.66090540206551     
  -1.0021508183324262E-002   0.0000000000000000     
   169869.48301086991        151.50413753346967     
 
   16950490.874570344      -0.25362251578146194     
   15117.897901388280        4129.0333176857666     
 
   5.8995338401490727E-008   3.6237407144854315E-012
  -2.1600346473141816E-007   2.4218742458032190E-004
 
   547.10785530964745        1257.0726651247460     
 
 
  -4.5578744064109916E-005  -224.79121356556166     
  -1.0045578744064110E-002   0.0000000000000000     
   170272.45127473792       -454.24920572143884     
 
   16949989.205485169      -0.22235837009619580     
  -45218.818874904311        4106.7752450739890     
 
   5.8997096241297458E-008   3.1943550298640596E-012
   6.4960433670688113E-007   2.4350009064763052E-004
 
   568.19363845890109        1322.2951119223990     
 
 
  -6.0153619641661188E-005  -337.40203568970895     
  -1.0060153619641661E-002   0.0000000000000000     
   170749.50843741046        776.16011573643800     
 
   16972852.989444956      -0.27944843018038512     
   77151.914879425036        4127.6757279692247     
 
   5.8917595814865586E-008   3.9887895138911386E-012
  -1.1012505915636136E-006   2.4226701857445591E-004
 
   874.46689549203745        2065.1096758831200     
 
 
  -4.7428001703438138E-005  -179.26157732518539     
  -1.0047428001703438E-002   0.0000000000000000     
   170797.82923110799        45.651705103825449     
 
   16999159.307451718      -0.19763407892683776     
   4543.6210238130043        4105.9991551685625     
 
   5.8826437769567222E-008   2.8314932384972865E-012
  -6.5096223672958893E-008   2.4354607717733814E-004
 
   844.27518095361143        2028.5568328605584     
 
 
  -3.9271247632505224E-005  -67.529519641088669     
  -1.0039271247632505E-002   0.0000000000000000     
   169968.36230748374        95.744672327426201     
 
   16930348.639356293       -5.1980908168880284E-002
   9537.0141881591335        4115.3789557844566     
 
   5.9065528666096528E-008   7.4605032842072386E-013
  -1.3687895840744196E-007   2.4299098664518773E-004
 
   153.39642098967755        367.64730356872712     
 
 
  -4.6414577140654542E-005  -59.498945925298138     
  -1.0046414577140655E-002   0.0000000000000000     
   170616.60375976207       -271.97836597794577     
 
   16982835.264232334       -7.6134540212072083E-002
  -27072.182208845359        4113.4002330837857     
 
   5.8882984728173526E-008   1.0898596573553116E-012
   3.8753605320012685E-007   2.4310788467943139E-004
 
   768.58719504455178        1956.0613394838977     
 
 
  -4.2130639145617974E-005  -379.19996235027850     
  -1.0042130639145618E-002   0.0000000000000000     
   170437.54444998817        358.97318584235552     
 
   16972249.274033438      -0.26602690113381577     
   35746.715387572520        4126.7256338179677     
 
   5.8919701689506354E-008   3.7982233487344131E-012
  -5.1037698987195729E-007   2.4232283727106186E-004
 
   465.85733664061382        993.90229998687130     
 
 
  -3.6851430007802874E-005  -93.002930739292850     
  -1.0036851430007803E-002   0.0000000000000000     
   169682.59722868635       -120.52653200616813     
 
   16905958.846952308      -0.10119792484572343     
  -12008.400527464024        4113.9209830552591     
 
   5.9150742440912408E-008   1.4550431116104379E-012
   1.7265907868746250E-007   2.4307710857637255E-004
 
   329.32542967147327        735.04196288353228     
 
 
  -5.1823785874038908E-005  -301.99305254106224     
  -1.0051823785874039E-002   0.0000000000000000     
   170520.20810508315        600.91100480125181     
 
   16964106.388804533      -0.21355956793551922     
   59781.291196695362        4126.2775880866411     
 
   5.8947980795060130E-008   3.0509109095352487E-012
  -8.5403522427602144E-007   2.4234913824018982E-004
 
   371.59844331353099        811.61270203263155     
 
 
  -4.2525685409685460E-005  -377.40076011356211     
  -1.0042525685409686E-002   0.0000000000000000     
   170469.64265289623        271.95352870987153     
 
   16974777.858976610      -0.32909467056033564     
   27080.192496294549        4124.3147200332915     
 
   5.8910925433679635E-008   4.7007255541945652E-012
  -3.8680830857302309E-007   2.4246449182117099E-004
 
   95.597986607977901        224.28229443137616     
 
 
  -5.7350570125758518E-005  -212.54195801708710     
  -1.0057350570125759E-002   0.0000000000000000     
   170780.79905870405        273.11042306191257     
 
   16980694.653917048      -0.18767942344260671     
   27155.305083340485        4120.6152849423033     
 
   5.8890401573296706E-008   2.6822490937138447E-012
  -3.8809418269332522E-007   2.4268218652125626E-004
 
   1126.2124138555769        2699.8248685634794     
 
 
  -4.6812184419427888E-005  -95.579181419165025     
  -1.0046812184419428E-002   0.0000000000000000     
   170109.16686322115       -131.83314248006593     
 
   16931655.906440258       -4.1158965459187645E-002
  -13121.887824728834        4119.5988887488065     
 
   5.9060969185097910E-008   5.9007890241806867E-013
   1.8812302687604606E-007   2.4274208114631918E-004
 
   1137.8958189490113        2727.5963128659055     
 
 
  -4.2955507398138165E-005  -4.9780616785778928     
  -1.0042955507398138E-002   0.0000000000000000     
   170538.30184187333       -263.54369895622574     
 
   16980887.918526214        2.8059478480134181E-002
  -26241.647567002339        4114.6355875125637     
 
   5.8889734992626232E-008  -4.0159455596536602E-013
   3.7557728700948887E-007   2.4303488564002604E-004
 
   1138.4110540753170        2806.7862864117628     
 
 
  -6.2955958568450265E-005   102.31604542086390     
  -1.0062955958568450E-002   0.0000000000000000     
   170894.94219950432       -217.31825197620705     
 
   16982578.767423693       0.10307341331480248     
  -21595.866350899341        4116.7934477968774     
 
   5.8883870456680889E-008  -1.4742934262113165E-012
   3.0889288295157961E-007   2.4290749119232864E-004
 
   1314.8867943083758        3507.8130365949746     
 
 
  -5.5611963349995810E-005  -251.80772860097036     
  -1.0055611963349996E-002   0.0000000000000000     
   170686.01216770109        60.305209004699051     
 
   16974204.333839230      -0.21090029264127452     
   5997.1694636301945        4120.2574389884358     
 
   5.8912922352525141E-008   3.0155282160113372E-012
  -8.5749685347943181E-008   2.4270327685176781E-004
 
   353.24403765172252        786.66287667958966     
 
 
  -4.9869400805549469E-005  -113.73564579587851     
  -1.0049869400805550E-002   0.0000000000000000     
   170491.68935553601       -174.52223375895005     
 
   16964567.653174698       -7.0117698526220046E-002
  -17365.622059226993        4120.7199123389728     
 
   5.8946389785006781E-008   1.0030250238017547E-012
   2.4841308036907442E-007   2.4267604658685500E-004
 
   384.09049705836475        870.93014341941876     
 
 
  -2.5549565932417132E-006  -40.281993565128417     
  -7.7703429215257433E-006   5.5397705889674853E-003
   39.528524021958887       -7.5207533189733198     
 
   5087101.8538241312        3.3557056443171500E-004
   1964720.5461946141        4113.4024129570016     
 
   1.9657558669789607E-007  -1.6036597920476318E-014
  -9.3892125129565904E-005   2.4310775633268602E-004
 
   389.26037734499471        919.32334442217370     
 
 
  -3.3626045767126342E-005  -199.05442061106575     
  -1.0033626045767127E-002   0.0000000000000000     
   169886.37387522659       -199.75115759487699     
 
   16931702.766309127      -0.21087169218982652     
  -19908.172447698234        4108.7897370234132     
 
   5.9060808835715972E-008   3.0311243695594144E-012
   2.8616523172435906E-007   2.4338068490907747E-004
 
   819.46821360663910        1953.8073835731079     
 
 
  -2.9412922242269893E-005  -492.01053328128467     
  -1.0029412922242270E-002   0.0000000000000000     
   170428.70873894560        362.55137012645207     
 
   16992889.819202196      -0.44302299599416300     
   36148.812790665776        4112.7831866543474     
 
   5.8848128922804908E-008   6.3390344690744538E-012
  -5.1723854600804741E-007   2.4314429559436755E-004
 
   334.47448530228513        790.17003578876677     
 
 
  -4.2522055974641287E-005  -415.62401051195872     
  -1.0042522055974641E-002   0.0000000000000000     
   170664.73135308232       -404.84108192020528     
 
   16994210.259319074      -0.37013388299800393     
  -40312.690344485069        4098.2089826129477     
 
   5.8843582548599695E-008   5.3145175833225138E-012
   5.7882434304982838E-007   2.4400908262245781E-004
 
   467.21233126795755        1019.9472475316747     
 
 
  -5.8199836723510021E-005   42.442466648156525     
  -1.0058199836723510E-002   0.0000000000000000     
   170862.32477211233       -360.04083387291030     
 
   16987366.282809038        1.6376542697193956E-002
  -35795.752691088863        4116.3859534882813     
 
   5.8867276714269204E-008  -2.3419632694106786E-013
   5.1190498234894760E-007   2.4293154308559250E-004
 
   554.96172786760246        1399.9172109418837     
 
 
  -4.4305446318554723E-005  -26.882812332213799     
  -1.0044305446318555E-002   0.0000000000000000     
   170654.94622701438       -631.34099735089558     
 
   16990218.700444136       -6.8257427888732944E-002
  -62855.615126907665        4114.2390376712256     
 
   5.8857397836252831E-008   9.7647573506095705E-013
   8.9919859101352233E-007   2.4305832797284698E-004
 
   561.83740342361830        1409.8566146503176     
 
 
  -6.1894391349178596E-005  -261.61841181895210     
  -1.0061894391349179E-002   0.0000000000000000     
   170803.81299498040        474.26550652014765     
 
   16975313.628995236      -0.21985281869610668     
   47134.812598311721        4122.5755446862422     
 
   5.8909064879662240E-008   3.1415613419720253E-012
  -6.7352743530039799E-007   2.4256677435833431E-004
 
   566.81836697961398        1418.0308183788061     
 
 
  -2.1521521843051450E-006  -78.611398898387890     
  -1.0002152152184305E-002   0.0000000000000000     
   169275.69743656382        782.28262665562920     
 
   16923927.456912041       -4.8890299383504900E-002
   78211.430375491109        4116.1315491704181     
 
   5.9087936157538320E-008   7.0183055477847837E-013
  -1.1227415716944658E-006   2.4294654657244189E-004
 
   1070.9491439610092        2648.5225136979193     
 
 
  -6.6914223800507155E-006  -240.79311256666111     
  -1.0006691422380051E-002   0.0000000000000000     
   170228.87942623912       -415.58596626731116     
 
   17011504.826212667      -0.23924835371803047     
  -41530.806609846499        4121.5822914648325     
 
   5.8783755577760250E-008   3.4122615424824714E-012
   5.9232998689752772E-007   2.4262530043008527E-004
 
   710.60320450455515        1665.2976108156827     
 
 
  -6.6315249578069099E-005  -97.316843339476421     
  -1.0066315249578069E-002   0.0000000000000000     
   170442.80994270922       -316.63499462631580     
 
   16931996.039946526      -0.10481136321290521     
  -31454.905471946640        4115.0523317657526     
 
   5.9059785093106360E-008   1.5042667960466821E-012
   4.5144503824572355E-007   2.4301028679445100E-004
 
   681.07587485355589        1674.4888436453282     
 
 
   6.3703961110632076E-005  -335.42091697209150     
  -9.9362960388893681E-003   9.0151005314737631E-002
   168069.40094825858       -342.62146794536176     
 
   16914695.088068049       0.18695668861858900     
   2779.9736092779131        4106.9326671932395     
 
   5.9120191187313383E-008  -2.6912822952200443E-012
  -4.0018326228980454E-008   2.4349072373887099E-004
 
   709.42854352515769        1729.7693943246006     
 
 
  -4.3728603612293651E-005  -214.89115364476930     
  -1.0043728603612294E-002   0.0000000000000000     
   169856.73959679334       -83.273082989748389     
 
   16911721.363687906      -0.23521063303946460     
  -8291.0526833418644        4110.4457298248190     
 
   5.9130587983837039E-008   3.3836094540206495E-012
   1.1927047634122838E-007   2.4328262523886984E-004
 
   1139.8759599810903        2714.1661822897399     
 
 
  -3.0241806588997278E-005  -65.256290230056479     
  -1.0030241806588997E-002   0.0000000000000000     
   170419.32940978647        336.07570695180169     
 
   16990550.446932975       -3.8276552644683354E-002
   33506.241766876985        4114.5563039067738     
 
   5.8856243932642947E-008   5.4752297768220712E-013
  -4.7928656045487984E-007   2.4303956679486000E-004
 
   497.86616661134030        1280.2801707587212     
 
 
   1.8276598851788700E-006   23.201796941720328     
  -9.9981723401148213E-003  0.12990190877684071     
   169116.40965777493        117.42837017259349     
 
   16914732.634866018        1.7802509682247652E-002
   65199.640251837802        4114.2495488415625     
 
   5.9120060497896622E-008  -2.5581468429041137E-013
  -9.3689180259254761E-007   2.4305769613819185E-004
 
   304.48060956403106        760.37164271905442     
 
 
  -6.6006069313149368E-006   23.330482465269249     
  -1.0006600606931315E-002   0.0000000000000000     
   169260.48074088414        660.23187796599132     
 
   16914883.224542983        1.7238118077099056E-002
   65979.637231515313        4114.2420011952936     
 
   5.9119534144484967E-008  -2.4770285995564760E-013
  -9.4809333408585360E-007   2.4305814195004063E-004
 
   304.48620817660787        760.37231936834007     
 
 
   4.8345471732515882E-006  -353.34241367388586     
  -9.9951654528267486E-003  -9.3173757466274765E-002
   169349.97077857488        295.14580988207700     
 
   16943189.062017657       -7.7219340088685140E-002
  -8864.6718940811988        4118.6454489330381     
 
   5.9020766760554742E-008   1.1065639704332650E-012
   1.2703199116227636E-007   2.4279827487175016E-004
 
   1168.8120280793601        2805.5333320266554     
 
 
   1.1523095363140390E-006  -353.24323259994441     
  -9.9988476904636862E-003 -0.10093984286794466     
   169412.84187447533        324.27111327242926     
 
   16943237.311797969       -7.3207702148692474E-002
  -9143.1878306361723        4118.2197632311236     
 
   5.9020598672518485E-008   1.0491820875691227E-012
   1.3103633379585307E-007   2.4282337201166667E-004
 
   1168.8059813958241        2805.5231636212325     
 
 
  -2.6789656001405260E-006  -353.15492206474443     
  -1.0002678965600141E-002   0.0000000000000000     
   169478.27761742999       -93.327171236857311     
 
   16943288.712981466       -6.9302261034657239E-002
  -9330.2175904933410        4117.7925493871489     
 
   5.9020419601398627E-008   9.9331097342431231E-013
   1.3373023302138527E-007   2.4284856443694270E-004
 
   1168.8000054888812        2805.5129882461083     
 
 
  -5.4782660125677826E-005  -461.34287910134367     
  -1.0054782660125678E-002   0.0000000000000000     
   170741.00929197404       -133.02826666523558     
 
   16981074.088163324      -0.38840780497757776     
  -13230.347304545399        4120.9552550082080     
 
   5.8889094308285207E-008   5.5504082044086806E-012
   1.8906372962964607E-007   2.4266220125018962E-004
 
   799.20573688008699        1902.0381442928619     
 
 
  -4.5640329445496494E-005  -206.87066859575930     
  -1.0045640329445497E-002   0.0000000000000000     
   170766.82146198215        402.88378169047957     
 
   16999097.704248406      -0.17911884315130883     
   40105.336093866885        4115.1638882240040     
 
   5.8826645667172844E-008   2.5605203108747697E-012
  -5.7330946223261610E-007   2.4300366266604415E-004
 
   592.30685741449224        1418.4023236798889     
 
 
  -3.8536660566242803E-005  -148.39156062208650     
  -1.0038536660566243E-002   0.0000000000000000     
   170399.19373561733        582.03586342986330     
 
   16974505.298664283      -0.10190391924859343     
   57980.150206176870        4119.7160401881674     
 
   5.8911873890580990E-008   1.4572244254618292E-012
  -8.2911522633662434E-007   2.4273515595609694E-004
 
   591.76042801708616        1417.9719905599898     
 
 
  -4.6665250629780372E-005   100.88137044166807     
  -1.0046665250629781E-002   0.0000000000000000     
   170685.72545641000        42.170908549208264     
 
   16989291.590631079       0.10757620740738186     
   4197.5031014938495        4115.9095094983986     
 
   5.8860606466310021E-008  -1.5384208021900175E-012
  -6.0027456295620810E-008   2.4295966763841585E-004
 
   611.18218878139191        1619.6202630723667     
 
 
  -5.7329766957417774E-005   117.53187124426564     
  -1.0057329766957418E-002   0.0000000000000000     
   170889.52989995887       -84.929817218328779     
 
   16991540.882094096       0.13093375467001192     
  -8444.5692033815103        4111.7539378727715     
 
   5.8852813356549851E-008  -1.8740955665389663E-012
   1.2086974627187889E-007   2.4320521103250245E-004
 
   623.68968180549007        1713.4397213967361     
