      S          PHI         IOTA        SHEAR        VP         WELL        ITOR       ITOR'       PRES       PRES'
------------------------------------------------------------------------------------------------------------------------
  6.6667E-03  1.2378E-04 -1.1990E+00 -3.0044E-02  7.3841E+00  2.4009E-01 -1.2134E-18 -6.4384E-15  0.0000E+00  0.0000E+00
  1.3333E-02  2.4756E-04 -1.1991E+00 -1.8864E-01  7.3841E+00  3.8339E-01  2.3198E-18  1.4170E-14  0.0000E+00  0.0000E+00
  2.0000E-02  3.7134E-04 -1.1993E+00 -1.9402E-01  7.3840E+00  4.6722E-01  5.3050E-18 -7.6375E-15  0.0000E+00  0.0000E+00
  2.6667E-02  4.9512E-04 -1.1995E+00 -1.7201E-01  7.3840E+00  4.9943E-01  1.3001E-17  2.4477E-14  0.0000E+00  0.0000E+00
  3.3333E-02  6.1890E-04 -1.1996E+00 -1.4396E-01  7.3839E+00  5.0723E-01  7.6891E-18 -3.6100E-14  0.0000E+00  0.0000E+00
  4.0000E-02  7.4268E-04 -1.1997E+00 -1.2114E-01  7.3839E+00  5.0476E-01 -1.0967E-17 -4.7252E-15  0.0000E+00  0.0000E+00
  4.6667E-02  8.6646E-04 -1.1998E+00 -1.0396E-01  7.3838E+00  4.9865E-01 -8.0851E-18  1.1032E-14  0.0000E+00  0.0000E+00
  5.3333E-02  9.9024E-04 -1.1999E+00 -9.2015E-02  7.3837E+00  4.9147E-01 -2.0036E-18  2.2756E-15  0.0000E+00  0.0000E+00
  6.0000E-02  1.1140E-03 -1.2000E+00 -8.3288E-02  7.3837E+00  4.8379E-01  6.0219E-18  1.5287E-14  0.0000E+00  0.0000E+00
  6.6667E-02  1.2378E-03 -1.2001E+00 -7.7113E-02  7.3836E+00  4.7569E-01 -4.1745E-17 -1.1982E-13  0.0000E+00  0.0000E+00
  7.3333E-02  1.3616E-03 -1.2001E+00 -7.2225E-02  7.3836E+00  4.6720E-01 -5.1855E-17  9.7692E-14  0.0000E+00  0.0000E+00
  8.0000E-02  1.4854E-03 -1.2002E+00 -6.8447E-02  7.3835E+00  4.5846E-01 -1.7113E-17 -2.1664E-14  0.0000E+00  0.0000E+00
  8.6667E-02  1.6091E-03 -1.2003E+00 -6.5012E-02  7.3834E+00  4.4938E-01  9.4684E-18  7.9834E-14  0.0000E+00  0.0000E+00
  9.3333E-02  1.7329E-03 -1.2003E+00 -6.2042E-02  7.3834E+00  4.4002E-01  1.7080E-17 -6.3177E-14  0.0000E+00  0.0000E+00
  1.0000E-01  1.8567E-03 -1.2004E+00 -5.9082E-02  7.3833E+00  4.3044E-01 -9.3642E-18  5.3065E-15  0.0000E+00  0.0000E+00
  1.0667E-01  1.9805E-03 -1.2004E+00 -5.6379E-02  7.3833E+00  4.2084E-01 -1.2835E-17 -1.2902E-14  0.0000E+00  0.0000E+00
  1.1333E-01  2.1043E-03 -1.2005E+00 -5.3614E-02  7.3832E+00  4.1129E-01 -4.2552E-18  3.1678E-14  0.0000E+00  0.0000E+00
  1.2000E-01  2.2280E-03 -1.2005E+00 -5.1053E-02  7.3832E+00  4.0186E-01 -1.0318E-17 -4.4947E-14  0.0000E+00  0.0000E+00
  1.2667E-01  2.3518E-03 -1.2006E+00 -4.8442E-02  7.3831E+00  3.9249E-01 -2.3014E-19  6.7024E-14  0.0000E+00  0.0000E+00
  1.3333E-01  2.4756E-03 -1.2006E+00 -4.6039E-02  7.3831E+00  3.8329E-01  6.0705E-18 -5.3236E-14  0.0000E+00  0.0000E+00
  1.4000E-01  2.5994E-03 -1.2007E+00 -4.3619E-02  7.3830E+00  3.7429E-01 -1.7079E-17  2.5741E-15  0.0000E+00  0.0000E+00
  1.4667E-01  2.7232E-03 -1.2007E+00 -4.1405E-02  7.3830E+00  3.6550E-01 -5.6895E-17 -8.9712E-14  0.0000E+00  0.0000E+00
  1.5333E-01  2.8469E-03 -1.2007E+00 -3.9193E-02  7.3829E+00  3.5683E-01 -5.3383E-17  9.7400E-14  0.0000E+00  0.0000E+00
  1.6000E-01  2.9707E-03 -1.2008E+00 -3.7184E-02  7.3829E+00  3.4836E-01 -3.0293E-17 -4.6869E-14  0.0000E+00  0.0000E+00
  1.6667E-01  3.0945E-03 -1.2008E+00 -3.5179E-02  7.3829E+00  3.4009E-01 -2.5240E-17  5.7928E-14  0.0000E+00  0.0000E+00
  1.7333E-01  3.2183E-03 -1.2008E+00 -3.3360E-02  7.3828E+00  3.3206E-01 -2.6748E-17 -6.1227E-14  0.0000E+00  0.0000E+00
  1.8000E-01  3.3421E-03 -1.2009E+00 -3.1544E-02  7.3828E+00  3.2416E-01 -2.5824E-17  6.3249E-14  0.0000E+00  0.0000E+00
  1.8667E-01  3.4658E-03 -1.2009E+00 -2.9902E-02  7.3827E+00  3.1639E-01 -5.1686E-18 -1.8043E-14  0.0000E+00  0.0000E+00
  1.9333E-01  3.5896E-03 -1.2009E+00 -2.8266E-02  7.3827E+00  3.0871E-01  2.7909E-17  9.0436E-14  0.0000E+00  0.0000E+00
  2.0000E-01  3.7134E-03 -1.2009E+00 -2.6775E-02  7.3827E+00  3.0124E-01  7.6046E-17  1.4918E-14  0.0000E+00  0.0000E+00
  2.0667E-01  3.8372E-03 -1.2010E+00 -2.5275E-02  7.3826E+00  2.9391E-01  3.4957E-17 -1.0485E-13  0.0000E+00  0.0000E+00
  2.1333E-01  3.9610E-03 -1.2010E+00 -2.3899E-02  7.3826E+00  2.8665E-01  6.6343E-18  4.2861E-14  0.0000E+00  0.0000E+00
  2.2000E-01  4.0847E-03 -1.2010E+00 -2.2518E-02  7.3826E+00  2.7942E-01  3.2031E-17  1.2723E-14  0.0000E+00  0.0000E+00
  2.2667E-01  4.2085E-03 -1.2010E+00 -2.1251E-02  7.3825E+00  2.7233E-01  2.5108E-17 -2.7875E-14  0.0000E+00  0.0000E+00
  2.3333E-01  4.3323E-03 -1.2010E+00 -1.9961E-02  7.3825E+00  2.6530E-01  2.1412E-17  1.9785E-14  0.0000E+00  0.0000E+00
  2.4000E-01  4.4561E-03 -1.2011E+00 -1.8773E-02  7.3825E+00  2.5831E-01  5.4536E-18 -5.4712E-14  0.0000E+00  0.0000E+00
  2.4667E-01  4.5799E-03 -1.2011E+00 -1.7561E-02  7.3824E+00  2.5132E-01 -2.2186E-17 -5.7820E-15  0.0000E+00  0.0000E+00
  2.5333E-01  4.7036E-03 -1.2011E+00 -1.6439E-02  7.3824E+00  2.4439E-01 -3.4260E-17 -2.0644E-14  0.0000E+00  0.0000E+00
  2.6000E-01  4.8274E-03 -1.2011E+00 -1.5294E-02  7.3824E+00  2.3753E-01 -6.8368E-17 -5.4007E-14  0.0000E+00  0.0000E+00
  2.6667E-01  4.9512E-03 -1.2011E+00 -1.4239E-02  7.3823E+00  2.3080E-01 -8.0496E-17  2.7462E-14  0.0000E+00  0.0000E+00
  2.7333E-01  5.0750E-03 -1.2011E+00 -1.3149E-02  7.3823E+00  2.2390E-01 -2.5885E-17  9.2067E-14  0.0000E+00  0.0000E+00
  2.8000E-01  5.1988E-03 -1.2011E+00 -1.2160E-02  7.3823E+00  2.1703E-01 -6.1602E-18 -4.8896E-14  0.0000E+00  0.0000E+00
  2.8667E-01  5.3225E-03 -1.2012E+00 -1.1144E-02  7.3823E+00  2.1019E-01 -2.4400E-17  8.9736E-15  0.0000E+00  0.0000E+00
  2.9333E-01  5.4463E-03 -1.2012E+00 -1.0204E-02  7.3822E+00  2.0338E-01 -8.4156E-18  2.6013E-14  0.0000E+00  0.0000E+00
  3.0000E-01  5.5701E-03 -1.2012E+00 -9.2401E-03  7.3822E+00  1.9649E-01  6.4339E-18  6.4886E-15  0.0000E+00  0.0000E+00
  3.0667E-01  5.6939E-03 -1.2012E+00 -8.3501E-03  7.3822E+00  1.8959E-01 -1.7640E-17 -5.9181E-14  0.0000E+00  0.0000E+00
  3.1333E-01  5.8177E-03 -1.2012E+00 -7.4353E-03  7.3822E+00  1.8264E-01 -9.0990E-17 -1.0136E-13  0.0000E+00  0.0000E+00
  3.2000E-01  5.9414E-03 -1.2012E+00 -6.5854E-03  7.3821E+00  1.7567E-01 -1.0347E-16  7.4047E-14  0.0000E+00  0.0000E+00
  3.2667E-01  6.0652E-03 -1.2012E+00 -5.7117E-03  7.3821E+00  1.6862E-01 -5.0001E-17  4.2982E-14  0.0000E+00  0.0000E+00
  3.3333E-01  6.1890E-03 -1.2012E+00 -4.9008E-03  7.3821E+00  1.6153E-01 -2.4876E-17  1.2012E-14  0.0000E+00  0.0000E+00
  3.4000E-01  6.3128E-03 -1.2012E+00 -4.0649E-03  7.3821E+00  1.5436E-01 -2.6875E-17 -1.6388E-14  0.0000E+00  0.0000E+00
  3.4667E-01  6.4366E-03 -1.2012E+00 -3.2834E-03  7.3821E+00  1.4715E-01 -5.8195E-17 -5.2164E-14  0.0000E+00  0.0000E+00
  3.5333E-01  6.5603E-03 -1.2012E+00 -2.4738E-03  7.3820E+00  1.3986E-01  2.0843E-17  2.2516E-13  0.0000E+00  0.0000E+00
  3.6000E-01  6.6841E-03 -1.2012E+00 -1.7152E-03  7.3820E+00  1.3251E-01  7.2578E-17 -1.1193E-13  0.0000E+00  0.0000E+00
  3.6667E-01  6.8079E-03 -1.2012E+00 -9.2907E-04  7.3820E+00  1.2508E-01  2.8495E-17  1.5437E-14  0.0000E+00  0.0000E+00
  3.7333E-01  6.9317E-03 -1.2012E+00 -1.9021E-04  7.3820E+00  1.1760E-01  2.0318E-17 -3.3333E-14  0.0000E+00  0.0000E+00
  3.8000E-01  7.0555E-03 -1.2012E+00  5.7418E-04  7.3820E+00  1.0999E-01  3.5612E-17  6.6808E-14  0.0000E+00  0.0000E+00
  3.8667E-01  7.1792E-03 -1.2012E+00  1.2959E-03  7.3820E+00  1.0233E-01  3.6975E-17 -6.3824E-14  0.0000E+00  0.0000E+00
  3.9333E-01  7.3030E-03 -1.2012E+00  2.0472E-03  7.3819E+00  9.4591E-02  6.6488E-18 -2.5551E-15  0.0000E+00  0.0000E+00
  4.0000E-01  7.4268E-03 -1.2012E+00  2.7573E-03  7.3819E+00  8.6799E-02  4.7325E-17  9.1588E-14  0.0000E+00  0.0000E+00
  4.0667E-01  7.5506E-03 -1.2012E+00  3.4913E-03  7.3819E+00  7.8882E-02  7.1657E-17 -3.8330E-14  0.0000E+00  0.0000E+00
  4.1333E-01  7.6744E-03 -1.2012E+00  4.1850E-03  7.3819E+00  7.0922E-02 -3.6382E-17 -1.9815E-13  0.0000E+00  0.0000E+00
  4.2000E-01  7.7981E-03 -1.2012E+00  4.9069E-03  7.3819E+00  6.2864E-02 -4.1610E-17  1.8671E-13  0.0000E+00  0.0000E+00
  4.2667E-01  7.9219E-03 -1.2012E+00  5.5900E-03  7.3819E+00  5.4770E-02  1.4962E-17 -6.2882E-14  0.0000E+00  0.0000E+00
  4.3333E-01  8.0457E-03 -1.2012E+00  6.2953E-03  7.3819E+00  4.6569E-02 -8.2996E-17 -1.5153E-13  0.0000E+00  0.0000E+00
  4.4000E-01  8.1695E-03 -1.2012E+00  6.9614E-03  7.3819E+00  3.8280E-02 -1.0485E-16  1.0369E-13  0.0000E+00  0.0000E+00
  4.4667E-01  8.2933E-03 -1.2012E+00  7.6514E-03  7.3819E+00  2.9907E-02 -5.5622E-17  4.0607E-15  0.0000E+00  0.0000E+00
  4.5333E-01  8.4170E-03 -1.2012E+00  8.3100E-03  7.3819E+00  2.1545E-02 -2.8265E-17  5.5817E-14  0.0000E+00  0.0000E+00
  4.6000E-01  8.5408E-03 -1.2012E+00  8.9885E-03  7.3819E+00  1.3095E-02  7.8834E-18  2.3306E-14  0.0000E+00  0.0000E+00
  4.6667E-01  8.6646E-03 -1.2012E+00  9.6299E-03  7.3819E+00  4.5141E-03 -7.8519E-18 -5.7748E-14  0.0000E+00  0.0000E+00
  4.7333E-01  8.7884E-03 -1.2012E+00  1.0294E-02  7.3819E+00 -4.1909E-03 -3.1884E-17  5.1471E-15  0.0000E+00  0.0000E+00
  4.8000E-01  8.9122E-03 -1.2011E+00  1.0931E-02  7.3819E+00 -1.2832E-02  2.7296E-17  1.2439E-13  0.0000E+00  0.0000E+00
  4.8667E-01  9.0359E-03 -1.2011E+00  1.1588E-02  7.3819E+00 -2.1527E-02  7.1280E-17 -2.8115E-14  0.0000E+00  0.0000E+00
  4.9333E-01  9.1597E-03 -1.2011E+00  1.2205E-02  7.3819E+00 -3.0291E-02 -3.4866E-18 -1.3554E-13  0.0000E+00  0.0000E+00
  5.0000E-01  9.2835E-03 -1.2011E+00  1.2833E-02  7.3819E+00 -3.9138E-02 -2.6771E-19  1.4258E-13  0.0000E+00  0.0000E+00
  5.0667E-01  9.4073E-03 -1.2011E+00  1.3427E-02  7.3819E+00 -4.8003E-02  1.0544E-18 -1.3969E-13  0.0000E+00  0.0000E+00
  5.1333E-01  9.5311E-03 -1.2011E+00  1.4036E-02  7.3819E+00 -5.6901E-02 -6.6127E-17 -7.3603E-15  0.0000E+00  0.0000E+00
  5.2000E-01  9.6548E-03 -1.2011E+00  1.4611E-02  7.3819E+00 -6.5789E-02 -3.9585E-17  6.5456E-14  0.0000E+00  0.0000E+00
  5.2667E-01  9.7786E-03 -1.2011E+00  1.5200E-02  7.3819E+00 -7.4823E-02 -2.9359E-17 -4.3072E-14  0.0000E+00  0.0000E+00
  5.3333E-01  9.9024E-03 -1.2010E+00  1.5759E-02  7.3819E+00 -8.3893E-02  2.9473E-17  1.7184E-13  0.0000E+00  0.0000E+00
  5.4000E-01  1.0026E-02 -1.2010E+00  1.6334E-02  7.3819E+00 -9.2946E-02  4.8294E-17 -1.3065E-13  0.0000E+00  0.0000E+00
  5.4667E-01  1.0150E-02 -1.2010E+00  1.6879E-02  7.3820E+00 -1.0201E-01  7.4361E-17  1.8770E-13  0.0000E+00  0.0000E+00
  5.5333E-01  1.0274E-02 -1.2010E+00  1.7433E-02  7.3820E+00 -1.1113E-01 -4.6883E-17 -4.5308E-13  0.0000E+00  0.0000E+00
  5.6000E-01  1.0398E-02 -1.2010E+00  1.7958E-02  7.3820E+00 -1.2023E-01 -8.8115E-17  3.6283E-13  0.0000E+00  0.0000E+00
  5.6667E-01  1.0521E-02 -1.2010E+00  1.8492E-02  7.3820E+00 -1.2938E-01  6.6281E-17 -2.4889E-14  0.0000E+00  0.0000E+00
  5.7333E-01  1.0645E-02 -1.2009E+00  1.8995E-02  7.3820E+00 -1.3853E-01  4.6817E-17 -1.7712E-14  0.0000E+00  0.0000E+00
  5.8000E-01  1.0769E-02 -1.2009E+00  1.9505E-02  7.3820E+00 -1.4771E-01  2.2950E-17 -3.4527E-14  0.0000E+00  0.0000E+00
  5.8667E-01  1.0893E-02 -1.2009E+00  1.9986E-02  7.3820E+00 -1.5684E-01  4.1583E-17  7.5310E-14  0.0000E+00  0.0000E+00
  5.9333E-01  1.1016E-02 -1.2009E+00  2.0476E-02  7.3821E+00 -1.6600E-01 -5.9022E-17 -2.9551E-13  0.0000E+00  0.0000E+00
  6.0000E-01  1.1140E-02 -1.2009E+00  2.0934E-02  7.3821E+00 -1.7518E-01 -1.4081E-16  1.1650E-13  0.0000E+00  0.0000E+00
  6.0667E-01  1.1264E-02 -1.2009E+00  2.1397E-02  7.3821E+00 -1.8438E-01  4.5610E-17  2.9153E-13  0.0000E+00  0.0000E+00
  6.1333E-01  1.1388E-02 -1.2008E+00  2.1833E-02  7.3821E+00 -1.9352E-01  1.0923E-16 -1.5227E-13  0.0000E+00  0.0000E+00
  6.2000E-01  1.1512E-02 -1.2008E+00  2.2277E-02  7.3822E+00 -2.0264E-01  4.6290E-17  1.4507E-14  0.0000E+00  0.0000E+00
  6.2667E-01  1.1635E-02 -1.2008E+00  2.2692E-02  7.3822E+00 -2.1176E-01  4.7167E-17 -1.2587E-14  0.0000E+00  0.0000E+00
  6.3333E-01  1.1759E-02 -1.2008E+00  2.3111E-02  7.3822E+00 -2.2092E-01  1.5131E-16  2.4052E-13  0.0000E+00  0.0000E+00
  6.4000E-01  1.1883E-02 -1.2008E+00  2.3505E-02  7.3822E+00 -2.3000E-01  1.3631E-16 -2.7333E-13  0.0000E+00  0.0000E+00
  6.4667E-01  1.2007E-02 -1.2007E+00  2.3906E-02  7.3823E+00 -2.3909E-01 -2.7789E-17 -8.5838E-14  0.0000E+00  0.0000E+00
  6.5333E-01  1.2130E-02 -1.2007E+00  2.4281E-02  7.3823E+00 -2.4814E-01  1.9624E-17  1.8961E-13  0.0000E+00  0.0000E+00
  6.6000E-01  1.2254E-02 -1.2007E+00  2.4661E-02  7.3823E+00 -2.5721E-01  8.1687E-17 -5.3772E-14  0.0000E+00  0.0000E+00
  6.6667E-01  1.2378E-02 -1.2007E+00  2.5021E-02  7.3824E+00 -2.6620E-01 -5.0347E-17 -2.3521E-13  0.0000E+00  0.0000E+00
  6.7333E-01  1.2502E-02 -1.2006E+00  2.5388E-02  7.3824E+00 -2.7517E-01 -5.1732E-17  2.3218E-13  0.0000E+00  0.0000E+00
  6.8000E-01  1.2626E-02 -1.2006E+00  2.5730E-02  7.3824E+00 -2.8412E-01 -8.0956E-17 -2.9614E-13  0.0000E+00  0.0000E+00
  6.8667E-01  1.2749E-02 -1.2006E+00  2.6074E-02  7.3825E+00 -2.9306E-01 -1.4453E-16  1.5699E-13  0.0000E+00  0.0000E+00
  6.9333E-01  1.2873E-02 -1.2006E+00  2.6403E-02  7.3825E+00 -3.0192E-01 -4.8830E-17  5.2458E-14  0.0000E+00  0.0000E+00
  7.0000E-01  1.2997E-02 -1.2005E+00  2.6741E-02  7.3825E+00 -3.1073E-01 -1.8196E-18  5.0431E-14  0.0000E+00  0.0000E+00
  7.0667E-01  1.3121E-02 -1.2005E+00  2.7056E-02  7.3826E+00 -3.1954E-01  5.3631E-17  7.0929E-14  0.0000E+00  0.0000E+00
  7.1333E-01  1.3244E-02 -1.2005E+00  2.7369E-02  7.3826E+00 -3.2829E-01  1.1856E-17 -1.6236E-13  0.0000E+00  0.0000E+00
  7.2000E-01  1.3368E-02 -1.2005E+00  2.7659E-02  7.3827E+00 -3.3699E-01 -3.1056E-17  6.8438E-14  0.0000E+00  0.0000E+00
  7.2667E-01  1.3492E-02 -1.2004E+00  2.7960E-02  7.3827E+00 -3.4558E-01  1.9879E-17  4.3037E-14  0.0000E+00  0.0000E+00
  7.3333E-01  1.3616E-02 -1.2004E+00  2.8264E-02  7.3827E+00 -3.5430E-01  1.2047E-16  1.7711E-13  0.0000E+00  0.0000E+00
  7.4000E-01  1.3740E-02 -1.2004E+00  2.8582E-02  7.3828E+00 -3.6303E-01 -3.6857E-17 -5.2143E-13  0.0000E+00  0.0000E+00
  7.4667E-01  1.3863E-02 -1.2004E+00  2.8888E-02  7.3828E+00 -3.7156E-01 -9.9023E-17  3.8537E-13  0.0000E+00  0.0000E+00
  7.5333E-01  1.3987E-02 -1.2003E+00  2.9195E-02  7.3829E+00 -3.8010E-01  1.4918E-17 -1.3600E-13  0.0000E+00  0.0000E+00
  7.6000E-01  1.4111E-02 -1.2003E+00  2.9487E-02  7.3829E+00 -3.8859E-01 -2.6387E-17  4.5606E-14  0.0000E+00  0.0000E+00
  7.6667E-01  1.4235E-02 -1.2003E+00  2.9784E-02  7.3830E+00 -3.9705E-01 -4.6875E-17 -9.0445E-14  0.0000E+00  0.0000E+00
  7.7333E-01  1.4358E-02 -1.2003E+00  3.0067E-02  7.3830E+00 -4.0545E-01 -9.9073E-18  1.7135E-13  0.0000E+00  0.0000E+00
  7.8000E-01  1.4482E-02 -1.2002E+00  3.0349E-02  7.3831E+00 -4.1381E-01  6.8423E-17  7.7488E-17  0.0000E+00  0.0000E+00
  7.8667E-01  1.4606E-02 -1.2002E+00  3.0610E-02  7.3831E+00 -4.2211E-01  9.1013E-17  4.9358E-14  0.0000E+00  0.0000E+00
  7.9333E-01  1.4730E-02 -1.2002E+00  3.0881E-02  7.3832E+00 -4.3046E-01  5.3850E-17 -1.3069E-13  0.0000E+00  0.0000E+00
  8.0000E-01  1.4854E-02 -1.2001E+00  3.1144E-02  7.3832E+00 -4.3872E-01 -1.2330E-16 -2.5700E-13  0.0000E+00  0.0000E+00
  8.0667E-01  1.4977E-02 -1.2001E+00  3.1416E-02  7.3833E+00 -4.4691E-01 -8.7854E-17  3.3458E-13  0.0000E+00  0.0000E+00
  8.1333E-01  1.5101E-02 -1.2001E+00  3.1674E-02  7.3833E+00 -4.5508E-01  7.3439E-17  1.8400E-14  0.0000E+00  0.0000E+00
  8.2000E-01  1.5225E-02 -1.2001E+00  3.1930E-02  7.3834E+00 -4.6324E-01  1.0341E-16  4.7188E-14  0.0000E+00  0.0000E+00
  8.2667E-01  1.5349E-02 -1.2000E+00  3.2169E-02  7.3835E+00 -4.7135E-01  1.0154E-16 -5.1274E-14  0.0000E+00  0.0000E+00
  8.3333E-01  1.5473E-02 -1.2000E+00  3.2408E-02  7.3835E+00 -4.7943E-01  3.9883E-17 -8.3659E-14  0.0000E+00  0.0000E+00
  8.4000E-01  1.5596E-02 -1.2000E+00  3.2639E-02  7.3836E+00 -4.8744E-01 -1.5116E-16 -3.3440E-13  0.0000E+00  0.0000E+00
  8.4667E-01  1.5720E-02 -1.1999E+00  3.2872E-02  7.3836E+00 -4.9544E-01 -1.7628E-16  2.7943E-13  0.0000E+00  0.0000E+00
  8.5333E-01  1.5844E-02 -1.1999E+00  3.3088E-02  7.3837E+00 -5.0340E-01 -2.9576E-17  4.1592E-14  0.0000E+00  0.0000E+00
  8.6000E-01  1.5968E-02 -1.1999E+00  3.3303E-02  7.3838E+00 -5.1134E-01  1.0027E-17  4.5070E-14  0.0000E+00  0.0000E+00
  8.6667E-01  1.6091E-02 -1.1999E+00  3.3511E-02  7.3838E+00 -5.1921E-01  9.9877E-17  1.5155E-13  0.0000E+00  0.0000E+00
  8.7333E-01  1.6215E-02 -1.1998E+00  3.3713E-02  7.3839E+00 -5.2707E-01  9.0457E-17 -1.7216E-13  0.0000E+00  0.0000E+00
  8.8000E-01  1.6339E-02 -1.1998E+00  3.3897E-02  7.3840E+00 -5.3491E-01  6.5371E-17  1.1726E-13  0.0000E+00  0.0000E+00
  8.8667E-01  1.6463E-02 -1.1998E+00  3.4090E-02  7.3840E+00 -5.4272E-01  6.0875E-17 -1.2710E-13  0.0000E+00  0.0000E+00
  8.9333E-01  1.6587E-02 -1.1997E+00  3.4287E-02  7.3841E+00 -5.5047E-01 -1.5662E-17 -4.0379E-14  0.0000E+00  0.0000E+00
  9.0000E-01  1.6710E-02 -1.1997E+00  3.4480E-02  7.3842E+00 -5.5821E-01  1.4837E-16  3.9931E-13  0.0000E+00  0.0000E+00
  9.0667E-01  1.6834E-02 -1.1997E+00  3.4663E-02  7.3842E+00 -5.6594E-01  3.0086E-16 -6.5650E-14  0.0000E+00  0.0000E+00
  9.1333E-01  1.6958E-02 -1.1996E+00  3.4856E-02  7.3843E+00 -5.7364E-01  1.3707E-16 -2.9274E-13  0.0000E+00  0.0000E+00
  9.2000E-01  1.7082E-02 -1.1996E+00  3.5036E-02  7.3844E+00 -5.8133E-01 -1.6576E-16 -3.6989E-13  0.0000E+00  0.0000E+00
  9.2667E-01  1.7205E-02 -1.1996E+00  3.5200E-02  7.3844E+00 -5.8900E-01 -1.2734E-16  4.5395E-13  0.0000E+00  0.0000E+00
  9.3333E-01  1.7329E-02 -1.1995E+00  3.5354E-02  7.3845E+00 -5.9666E-01 -2.7085E-17 -2.3458E-13  0.0000E+00  0.0000E+00
  9.4000E-01  1.7453E-02 -1.1995E+00  3.5499E-02  7.3846E+00 -6.0435E-01 -5.3802E-17  1.7612E-13  0.0000E+00  0.0000E+00
  9.4667E-01  1.7577E-02 -1.1995E+00  3.5627E-02  7.3847E+00 -6.1211E-01  2.1503E-18 -5.3697E-14  0.0000E+00  0.0000E+00
  9.5333E-01  1.7701E-02 -1.1994E+00  3.5768E-02  7.3847E+00 -6.1988E-01 -1.2286E-16 -2.1983E-13  0.0000E+00  0.0000E+00
  9.6000E-01  1.7824E-02 -1.1994E+00  3.5925E-02  7.3848E+00 -6.2775E-01 -1.1340E-16  2.4055E-13  0.0000E+00  0.0000E+00
  9.6667E-01  1.7948E-02 -1.1994E+00  3.6103E-02  7.3849E+00 -6.3587E-01 -6.9239E-17 -1.4394E-13  0.0000E+00  0.0000E+00
  9.7333E-01  1.8072E-02 -1.1993E+00  3.6374E-02  7.3850E+00 -6.4429E-01 -8.2693E-17  1.1450E-13  0.0000E+00  0.0000E+00
  9.8000E-01  1.8196E-02 -1.1993E+00  3.6802E-02  7.3851E+00 -6.5327E-01  5.1030E-18  7.7593E-14  0.0000E+00  0.0000E+00
  9.8667E-01  1.8319E-02 -1.1993E+00  3.7388E-02  7.3851E+00 -6.6324E-01 -4.1058E-17 -1.7859E-13  0.0000E+00  0.0000E+00
  9.9333E-01  1.8443E-02 -1.1992E+00  3.8069E-02  7.3852E+00 -6.7386E-01 -1.1717E-16  1.2061E-14  0.0000E+00  0.0000E+00

      S        DMerc        DShear       DCurr       DWell       Dgeod
----------------------------------------------------------------------------------------------------
  6.6667E-03 -7.9849E+08  1.2304E-02 -1.7162E+02 -0.0000E+00 -7.9849E+08
  1.3333E-02 -4.2643E+06  4.8508E-01 -1.4533E+02 -0.0000E+00 -4.2642E+06
  2.0000E-02 -2.3194E+05  5.1313E-01 -5.3654E+01 -0.0000E+00 -2.3189E+05
  2.6667E-02 -3.1689E+04  4.0329E-01 -2.8672E+01 -0.0000E+00 -3.1661E+04
  3.3333E-02 -6.8985E+03  2.8249E-01 -1.6453E+01 -0.0000E+00 -6.8823E+03
  4.0000E-02 -2.0870E+03  2.0002E-01 -1.0681E+01 -0.0000E+00 -2.0765E+03
  4.6667E-02 -8.0691E+02  1.4732E-01 -7.4963E+00 -0.0000E+00 -7.9957E+02
  5.3333E-02 -3.8110E+02  1.1540E-01 -5.6033E+00 -0.0000E+00 -3.7561E+02
  6.0000E-02 -2.1258E+02  9.4548E-02 -4.3632E+00 -0.0000E+00 -2.0831E+02
  6.6667E-02 -1.3550E+02  8.1045E-02 -3.5183E+00 -0.0000E+00 -1.3206E+02
  7.3333E-02 -9.6035E+01  7.1096E-02 -2.8950E+00 -0.0000E+00 -9.3211E+01
  8.0000E-02 -7.3702E+01  6.3851E-02 -2.4283E+00 -0.0000E+00 -7.1337E+01
  8.6667E-02 -5.9903E+01  5.7603E-02 -2.0534E+00 -0.0000E+00 -5.7907E+01
  9.3333E-02 -5.0616E+01  5.2460E-02 -1.7546E+00 -0.0000E+00 -4.8914E+01
  1.0000E-01 -4.3997E+01  4.7572E-02 -1.5035E+00 -0.0000E+00 -4.2541E+01
  1.0667E-01 -3.9021E+01  4.3319E-02 -1.2977E+00 -0.0000E+00 -3.7767E+01
  1.1333E-01 -3.5095E+01  3.9174E-02 -1.1208E+00 -0.0000E+00 -3.4013E+01
  1.2000E-01 -3.1863E+01  3.5520E-02 -9.7326E-01 -0.0000E+00 -3.0925E+01
  1.2667E-01 -2.9121E+01  3.1979E-02 -8.4493E-01 -0.0000E+00 -2.8308E+01
  1.3333E-01 -2.6742E+01  2.8885E-02 -7.3714E-01 -0.0000E+00 -2.6034E+01
  1.4000E-01 -2.4641E+01  2.5927E-02 -6.4257E-01 -0.0000E+00 -2.4024E+01
  1.4667E-01 -2.2761E+01  2.3362E-02 -5.6260E-01 -0.0000E+00 -2.2222E+01
  1.5333E-01 -2.1039E+01  2.0932E-02 -4.9170E-01 -0.0000E+00 -2.0569E+01
  1.6000E-01 -1.9465E+01  1.8841E-02 -4.3134E-01 -0.0000E+00 -1.9053E+01
  1.6667E-01 -1.8030E+01  1.6864E-02 -3.7757E-01 -0.0000E+00 -1.7669E+01
  1.7333E-01 -1.6717E+01  1.5164E-02 -3.3152E-01 -0.0000E+00 -1.6401E+01
  1.8000E-01 -1.5507E+01  1.3559E-02 -2.9019E-01 -0.0000E+00 -1.5231E+01
  1.8667E-01 -1.4395E+01  1.2184E-02 -2.5467E-01 -0.0000E+00 -1.4152E+01
  1.9333E-01 -1.3378E+01  1.0886E-02 -2.2270E-01 -0.0000E+00 -1.3166E+01
  2.0000E-01 -1.2456E+01  9.7685E-03 -1.9517E-01 -0.0000E+00 -1.2270E+01
  2.0667E-01 -1.1613E+01  8.7047E-03 -1.7023E-01 -0.0000E+00 -1.1452E+01
  2.1333E-01 -1.0826E+01  7.7824E-03 -1.4848E-01 -0.0000E+00 -1.0686E+01
  2.2000E-01 -1.0107E+01  6.9088E-03 -1.2879E-01 -0.0000E+00 -9.9851E+00
  2.2667E-01 -9.4634E+00  6.1532E-03 -1.1184E-01 -0.0000E+00 -9.3577E+00
  2.3333E-01 -8.8829E+00  5.4291E-03 -9.6449E-02 -0.0000E+00 -8.7919E+00
  2.4000E-01 -8.3617E+00  4.8020E-03 -8.3174E-02 -0.0000E+00 -8.2833E+00
  2.4667E-01 -7.8921E+00  4.2020E-03 -7.1148E-02 -0.0000E+00 -7.8251E+00
  2.5333E-01 -7.4725E+00  3.6820E-03 -6.0791E-02 -0.0000E+00 -7.4154E+00
  2.6000E-01 -7.0960E+00  3.1868E-03 -5.1470E-02 -0.0000E+00 -7.0477E+00
  2.6667E-01 -6.7628E+00  2.7623E-03 -4.3502E-02 -0.0000E+00 -6.7220E+00
  2.7333E-01 -6.4623E+00  2.3555E-03 -3.6332E-02 -0.0000E+00 -6.4283E+00
  2.8000E-01 -6.2020E+00  2.0147E-03 -3.0311E-02 -0.0000E+00 -6.1737E+00
  2.8667E-01 -5.9708E+00  1.6921E-03 -2.4958E-02 -0.0000E+00 -5.9475E+00
  2.9333E-01 -5.7687E+00  1.4186E-03 -2.0455E-02 -0.0000E+00 -5.7496E+00
  3.0000E-01 -5.5895E+00  1.1632E-03 -1.6492E-02 -0.0000E+00 -5.5741E+00
  3.0667E-01 -5.4353E+00  9.4992E-04 -1.3206E-02 -0.0000E+00 -5.4231E+00
  3.1333E-01 -5.2989E+00  7.5319E-04 -1.0368E-02 -0.0000E+00 -5.2893E+00
  3.2000E-01 -5.1809E+00  5.9083E-04 -8.0668E-03 -0.0000E+00 -5.1735E+00
  3.2667E-01 -5.0752E+00  4.4446E-04 -6.0749E-03 -0.0000E+00 -5.0696E+00
  3.3333E-01 -4.9839E+00  3.2722E-04 -4.4661E-03 -0.0000E+00 -4.9798E+00
  3.4000E-01 -4.9030E+00  2.2511E-04 -3.1352E-03 -0.0000E+00 -4.9001E+00
  3.4667E-01 -4.8314E+00  1.4688E-04 -2.1313E-03 -0.0000E+00 -4.8294E+00
  3.5333E-01 -4.7669E+00  8.3372E-05 -1.3243E-03 -0.0000E+00 -4.7657E+00
  3.6000E-01 -4.7134E+00  4.0081E-05 -7.3488E-04 -0.0000E+00 -4.7127E+00
  3.6667E-01 -4.6655E+00  1.1760E-05 -3.0578E-04 -0.0000E+00 -4.6652E+00
  3.7333E-01 -4.6202E+00  4.9291E-07 -4.6508E-05 -0.0000E+00 -4.6201E+00
  3.8000E-01 -4.5759E+00  4.4913E-06  9.6032E-05 -0.0000E+00 -4.5760E+00
  3.8667E-01 -4.5384E+00  2.2877E-05  1.2538E-04 -0.0000E+00 -4.5385E+00
  3.9333E-01 -4.5048E+00  5.7096E-05  6.5358E-05 -0.0000E+00 -4.5049E+00
  4.0000E-01 -4.4724E+00  1.0357E-04 -6.3981E-05 -0.0000E+00 -4.4725E+00
  4.0667E-01 -4.4368E+00  1.6606E-04 -2.4448E-04 -0.0000E+00 -4.4367E+00
  4.1333E-01 -4.4040E+00  2.3860E-04 -4.6431E-04 -0.0000E+00 -4.4038E+00
  4.2000E-01 -4.3730E+00  3.2801E-04 -7.2400E-04 -0.0000E+00 -4.3726E+00
  4.2667E-01 -4.3439E+00  4.2570E-04 -9.9611E-04 -0.0000E+00 -4.3434E+00
  4.3333E-01 -4.3122E+00  5.3989E-04 -1.2733E-03 -0.0000E+00 -4.3115E+00
  4.4000E-01 -4.2802E+00  6.6019E-04 -1.5341E-03 -0.0000E+00 -4.2793E+00
  4.4667E-01 -4.2457E+00  7.9756E-04 -1.7776E-03 -0.0000E+00 -4.2447E+00
  4.5333E-01 -4.2129E+00  9.4075E-04 -1.9890E-03 -0.0000E+00 -4.2118E+00
  4.6000E-01 -4.1882E+00  1.1006E-03 -2.2218E-03 -0.0000E+00 -4.1871E+00
  4.6667E-01 -4.1794E+00  1.2633E-03 -2.4633E-03 -0.0000E+00 -4.1782E+00
  4.7333E-01 -4.1451E+00  1.4436E-03 -2.5887E-03  0.0000E+00 -4.1439E+00
  4.8000E-01 -4.0737E+00  1.6277E-03 -2.5465E-03  0.0000E+00 -4.0728E+00
  4.8667E-01 -4.0097E+00  1.8293E-03 -2.4841E-03  0.0000E+00 -4.0091E+00
  4.9333E-01 -3.9599E+00  2.0293E-03 -2.3928E-03  0.0000E+00 -3.9595E+00
  5.0000E-01 -3.9095E+00  2.2434E-03 -2.2449E-03  0.0000E+00 -3.9095E+00
  5.0667E-01 -3.8625E+00  2.4559E-03 -2.0402E-03  0.0000E+00 -3.8629E+00
  5.1333E-01 -3.8148E+00  2.6838E-03 -1.7825E-03  0.0000E+00 -3.8157E+00
  5.2000E-01 -3.7825E+00  2.9084E-03 -1.5037E-03  0.0000E+00 -3.7839E+00
  5.2667E-01 -3.7662E+00  3.1476E-03 -1.1784E-03  0.0000E+00 -3.7681E+00
  5.3333E-01 -3.7052E+00  3.3832E-03 -6.6556E-04  0.0000E+00 -3.7079E+00
  5.4000E-01 -3.6103E+00  3.6349E-03 -9.4118E-07  0.0000E+00 -3.6139E+00
  5.4667E-01 -3.5412E+00  3.8814E-03  6.8635E-04  0.0000E+00 -3.5458E+00
  5.5333E-01 -3.4819E+00  4.1404E-03  1.4119E-03  0.0000E+00 -3.4874E+00
  5.6000E-01 -3.4223E+00  4.3933E-03  2.2023E-03  0.0000E+00 -3.4289E+00
  5.6667E-01 -3.3595E+00  4.6587E-03  3.0464E-03  0.0000E+00 -3.3672E+00
  5.7333E-01 -3.2975E+00  4.9155E-03  3.9463E-03  0.0000E+00 -3.3064E+00
  5.8000E-01 -3.2363E+00  5.1830E-03  4.9388E-03  0.0000E+00 -3.2464E+00
  5.8667E-01 -3.1780E+00  5.4420E-03  5.9868E-03  0.0000E+00 -3.1894E+00
  5.9333E-01 -3.1139E+00  5.7118E-03  7.0864E-03  0.0000E+00 -3.1267E+00
  6.0000E-01 -3.0517E+00  5.9701E-03  8.2323E-03  0.0000E+00 -3.0659E+00
  6.0667E-01 -2.9904E+00  6.2373E-03  9.4636E-03  0.0000E+00 -3.0061E+00
  6.1333E-01 -2.9296E+00  6.4943E-03  1.0736E-02  0.0000E+00 -2.9469E+00
  6.2000E-01 -2.8687E+00  6.7613E-03  1.2065E-02  0.0000E+00 -2.8876E+00
  6.2667E-01 -2.8089E+00  7.0156E-03  1.3361E-02  0.0000E+00 -2.8292E+00
  6.3333E-01 -2.7499E+00  7.2769E-03  1.4747E-02  0.0000E+00 -2.7719E+00
  6.4000E-01 -2.6916E+00  7.5272E-03  1.6156E-02  0.0000E+00 -2.7152E+00
  6.4667E-01 -2.6326E+00  7.7863E-03  1.7611E-02  0.0000E+00 -2.6580E+00
  6.5333E-01 -2.5748E+00  8.0329E-03  1.9043E-02  0.0000E+00 -2.6019E+00
  6.6000E-01 -2.5163E+00  8.2860E-03  2.0527E-02  0.0000E+00 -2.5451E+00
  6.6667E-01 -2.4589E+00  8.5296E-03  2.1988E-02  0.0000E+00 -2.4894E+00
  6.7333E-01 -2.4017E+00  8.7819E-03  2.3486E-02  0.0000E+00 -2.4340E+00
  6.8000E-01 -2.3476E+00  9.0203E-03  2.4951E-02  0.0000E+00 -2.3816E+00
  6.8667E-01 -2.2959E+00  9.2634E-03  2.6453E-02  0.0000E+00 -2.3316E+00
  6.9333E-01 -2.2502E+00  9.4981E-03  2.7853E-02  0.0000E+00 -2.2876E+00
  7.0000E-01 -2.2083E+00  9.7430E-03  2.9334E-02  0.0000E+00 -2.2474E+00
  7.0667E-01 -2.1706E+00  9.9747E-03  3.0659E-02  0.0000E+00 -2.2113E+00
  7.1333E-01 -2.1233E+00  1.0207E-02  3.2157E-02  0.0000E+00 -2.1657E+00
  7.2000E-01 -2.0897E+00  1.0424E-02  3.3260E-02  0.0000E+00 -2.1334E+00
  7.2667E-01 -2.1013E+00  1.0652E-02  3.4621E-02  0.0000E+00 -2.1466E+00
  7.3333E-01 -2.1685E+00  1.0885E-02  3.6635E-02  0.0000E+00 -2.2160E+00
  7.4000E-01 -2.0873E+00  1.1132E-02  3.7461E-02  0.0000E+00 -2.1359E+00
  7.4667E-01 -1.9459E+00  1.1371E-02  3.8449E-02  0.0000E+00 -1.9957E+00
  7.5333E-01 -1.8586E+00  1.1614E-02  4.0145E-02  0.0000E+00 -1.9104E+00
  7.6000E-01 -1.8066E+00  1.1849E-02  4.1348E-02  0.0000E+00 -1.8598E+00
  7.6667E-01 -1.7558E+00  1.2089E-02  4.2541E-02  0.0000E+00 -1.8104E+00
  7.7333E-01 -1.6992E+00  1.2320E-02  4.3839E-02  0.0000E+00 -1.7554E+00
  7.8000E-01 -1.6510E+00  1.2552E-02  4.4949E-02  0.0000E+00 -1.7085E+00
  7.8667E-01 -1.6223E+00  1.2769E-02  4.5846E-02  0.0000E+00 -1.6809E+00
  7.9333E-01 -1.5977E+00  1.2996E-02  4.6969E-02  0.0000E+00 -1.6577E+00
  8.0000E-01 -1.5448E+00  1.3218E-02  4.7753E-02  0.0000E+00 -1.6058E+00
  8.0667E-01 -1.4859E+00  1.3451E-02  4.8749E-02  0.0000E+00 -1.5481E+00
  8.1333E-01 -1.4444E+00  1.3673E-02  4.9601E-02  0.0000E+00 -1.5076E+00
  8.2000E-01 -1.4143E+00  1.3894E-02  5.0222E-02  0.0000E+00 -1.4784E+00
  8.2667E-01 -1.3750E+00  1.4104E-02  5.0942E-02  0.0000E+00 -1.4401E+00
  8.3333E-01 -1.3258E+00  1.4314E-02  5.1750E-02  0.0000E+00 -1.3918E+00
  8.4000E-01 -1.2816E+00  1.4520E-02  5.2412E-02  0.0000E+00 -1.3485E+00
  8.4667E-01 -1.2419E+00  1.4728E-02  5.2976E-02  0.0000E+00 -1.3096E+00
  8.5333E-01 -1.2050E+00  1.4923E-02  5.3524E-02  0.0000E+00 -1.2734E+00
  8.6000E-01 -1.1746E+00  1.5117E-02  5.3799E-02  0.0000E+00 -1.2435E+00
  8.6667E-01 -1.1463E+00  1.5307E-02  5.4043E-02  0.0000E+00 -1.2157E+00
  8.7333E-01 -1.1155E+00  1.5492E-02  5.4317E-02  0.0000E+00 -1.1853E+00
  8.8000E-01 -1.0854E+00  1.5662E-02  5.4536E-02  0.0000E+00 -1.1556E+00
  8.8667E-01 -1.0584E+00  1.5841E-02  5.4620E-02  0.0000E+00 -1.1289E+00
  8.9333E-01 -1.0335E+00  1.6025E-02  5.4568E-02  0.0000E+00 -1.1041E+00
  9.0000E-01 -1.0097E+00  1.6206E-02  5.4508E-02  0.0000E+00 -1.0804E+00
  9.0667E-01 -9.9054E-01  1.6378E-02  5.4252E-02  0.0000E+00 -1.0612E+00
  9.1333E-01 -9.7001E-01  1.6562E-02  5.3943E-02  0.0000E+00 -1.0405E+00
  9.2000E-01 -9.3995E-01  1.6734E-02  5.3878E-02  0.0000E+00 -1.0106E+00
  9.2667E-01 -9.1217E-01  1.6891E-02  5.3639E-02  0.0000E+00 -9.8270E-01
  9.3333E-01 -8.8896E-01  1.7039E-02  5.3222E-02  0.0000E+00 -9.5922E-01
  9.4000E-01 -8.6497E-01  1.7180E-02  5.2800E-02  0.0000E+00 -9.3495E-01
  9.4667E-01 -8.3722E-01  1.7304E-02  5.2274E-02  0.0000E+00 -9.0680E-01
  9.5333E-01 -8.0611E-01  1.7442E-02  5.1682E-02  0.0000E+00 -8.7523E-01
  9.6000E-01 -7.7082E-01  1.7596E-02  5.0978E-02  0.0000E+00 -8.3939E-01
  9.6667E-01 -7.2744E-01  1.7771E-02  5.0175E-02  0.0000E+00 -7.9539E-01
  9.7333E-01 -6.6970E-01  1.8039E-02  4.9117E-02  0.0000E+00 -7.3686E-01
  9.8000E-01 -5.9074E-01  1.8467E-02  4.7704E-02  0.0000E+00 -6.5692E-01
  9.8667E-01 -4.8010E-01  1.9060E-02  4.5759E-02  0.0000E+00 -5.4492E-01
  9.9333E-01 -3.5520E-01  1.9761E-02  4.3349E-02  0.0000E+00 -4.1831E-01
