 THIS IS PARVMEC (PARALLEL VMEC), VERSION 9.0
 Lambda: Full Radial Mesh. L-Force: hybrid full/half.

 COMPUTER:    OS:    RELEASE:   DATE = Apr 04,2024  TIME = 17:56:13
 SHOT ID.: 1426796  SEQ. NO.:   0
 TIME SLICE =    0. ms

 COMPUTATION PARAMETERS: (u = theta, v = zeta)
 ---------------------------------------------
     ns     nu     nv     mu     mv
    151     30     28     12     12

 CONFIGURATION PARAMETERS:
 ---------------------------------------
    nfp      gamma      spres_ped    phiedge(wb)     curtor(A)        lRFP
      3  0.000E+00      1.000E+00      1.857E-02     0.000E+00           F

 RUN CONTROL PARAMETERS:
 -----------------------
  ncurr  niter   nsin  nstep  nvacskip      ftol     tcon0    lasym  lforbal lmove_axis lconm1
      1  30000      5    200         6  1.00E-14  2.00E+00        F        F        T        T
  mfilter_fbdy nfilter_fbdy lfull3d1out max_main_iterations lgiveup fgiveup
           -1           -1           F                   1       F  3.0E+01

 PRECONDITIONER CONTROL PARAMETERS:
 ----------------------------------
  precon_type   prec2d_threshold
  none                  1.00E-19

 MASS PROFILE COEFFICIENTS - newton/m**2 (EXPANSION IN NORMALIZED RADIUS):
 PMASS parameterization type is 'power_series'
 -----------------------------------


 TOROIDAL CURRENT DENSITY (*V') COEFFICIENTS ac (EXPANSION IN NORMALIZED RADIUS):
 PCURR parameterization type is 'power_series'
 --------------------------------------


 NORMALIZED TOROIDAL FLUX COEFFICIENTS aphi (EXPANSION IN S):
 -----------------------------------
   1.000E+00

 R-Z FOURIER BOUNDARY COEFFICIENTS AND MAGNETIC AXIS INITIAL GUESS
 R = RBC*COS(m*u - n*v) + RBS*SIN(m*u - n*v), Z = ZBC*COS(m*u - n*v) + ZBS*SIN(m*u-n*v)
 --------------------------------------------------------------------------------------
   nb  mb     rbc         rbs         zbc         zbs       raxis(c)    raxis(s)    zaxis(c)    zaxis(s)
    0   0  9.9555E-01  0.0000E+00  0.0000E+00  0.0000E+00  0.0000E+00  0.0000E+00  0.0000E+00  0.0000E+00
    1   0  1.9887E-01  0.0000E+00  0.0000E+00  1.5442E-01  0.0000E+00  0.0000E+00  0.0000E+00  0.0000E+00
    2   0  2.6493E-02  0.0000E+00  0.0000E+00  2.2234E-02  0.0000E+00  0.0000E+00  0.0000E+00  0.0000E+00
    3   0  2.4644E-03  0.0000E+00  0.0000E+00  2.6471E-03  0.0000E+00  0.0000E+00  0.0000E+00  0.0000E+00
    4   0  3.2056E-04  0.0000E+00  0.0000E+00 -3.8799E-04  0.0000E+00  0.0000E+00  0.0000E+00  0.0000E+00
    5   0  4.9513E-04  0.0000E+00  0.0000E+00 -2.5074E-04  0.0000E+00  0.0000E+00  0.0000E+00  0.0000E+00
    6   0  3.8201E-04  0.0000E+00  0.0000E+00  1.5680E-05  0.0000E+00  0.0000E+00  0.0000E+00  0.0000E+00
    7   0  1.7966E-04  0.0000E+00  0.0000E+00  7.1370E-05  0.0000E+00  0.0000E+00  0.0000E+00  0.0000E+00
    8   0  6.0008E-05  0.0000E+00  0.0000E+00  3.5606E-05  0.0000E+00  0.0000E+00  0.0000E+00  0.0000E+00
    9   0  1.7670E-05  0.0000E+00  0.0000E+00  8.6439E-06  0.0000E+00  0.0000E+00  0.0000E+00  0.0000E+00
   10   0  5.7197E-06  0.0000E+00  0.0000E+00  1.3080E-06  0.0000E+00  0.0000E+00  0.0000E+00  0.0000E+00
  -10   1 -4.9387E-06  0.0000E+00  0.0000E+00 -7.6334E-07
   -9   1 -1.3052E-05  0.0000E+00  0.0000E+00  3.3226E-06
   -8   1 -3.2020E-05  0.0000E+00  0.0000E+00  1.2114E-05
   -7   1 -6.4116E-05  0.0000E+00  0.0000E+00  1.4930E-05
   -6   1 -5.4021E-05  0.0000E+00  0.0000E+00 -1.9587E-06
   -5   1  8.5397E-05  0.0000E+00  0.0000E+00  2.8157E-05
   -4   1  2.4572E-04  0.0000E+00  0.0000E+00  2.6057E-04
   -3   1 -6.9627E-04  0.0000E+00  0.0000E+00  1.2221E-03
   -2   1 -6.0635E-03  0.0000E+00  0.0000E+00  3.9321E-03
   -1   1 -2.7497E-02  0.0000E+00  0.0000E+00  2.7964E-02
    0   1 -1.3675E-01  0.0000E+00  0.0000E+00  1.2025E-01
    1   1  9.6292E-02  0.0000E+00  0.0000E+00  8.7699E-02
    2   1  3.5041E-02  0.0000E+00  0.0000E+00  3.3198E-02
    3   1  7.8359E-03  0.0000E+00  0.0000E+00  5.9159E-03
    4   1  1.2488E-03  0.0000E+00  0.0000E+00  1.3844E-03
    5   1  1.8493E-05  0.0000E+00  0.0000E+00  2.3932E-04
    6   1  2.5688E-05  0.0000E+00  0.0000E+00 -1.8439E-05
    7   1  9.4346E-05  0.0000E+00  0.0000E+00 -1.7298E-05
    8   1  7.6193E-05  0.0000E+00  0.0000E+00  1.1999E-05
    9   1  3.9265E-05  0.0000E+00  0.0000E+00  1.3176E-05
   10   1  1.5362E-05  0.0000E+00  0.0000E+00  5.0548E-06
  -10   2 -1.4962E-07  0.0000E+00  0.0000E+00 -1.5348E-06
   -9   2  2.4118E-07  0.0000E+00  0.0000E+00 -3.7144E-06
   -8   2  9.7482E-07  0.0000E+00  0.0000E+00 -5.5888E-06
   -7   2 -4.6899E-06  0.0000E+00  0.0000E+00 -6.1473E-06
   -6   2 -3.6497E-05  0.0000E+00  0.0000E+00 -1.1148E-05
   -5   2 -1.1360E-04  0.0000E+00  0.0000E+00 -5.4312E-05
   -4   2 -2.0740E-04  0.0000E+00  0.0000E+00 -1.3536E-04
   -3   2 -1.6020E-04  0.0000E+00  0.0000E+00 -3.9074E-04
   -2   2  2.3923E-04  0.0000E+00  0.0000E+00 -6.7202E-04
   -1   2  1.0231E-03  0.0000E+00  0.0000E+00 -2.0737E-03
    0   2  3.4592E-03  0.0000E+00  0.0000E+00 -4.4297E-03
    1   2  7.5382E-03  0.0000E+00  0.0000E+00  3.0625E-03
    2   2  1.6147E-02  0.0000E+00  0.0000E+00  1.5108E-02
    3   2  6.4762E-03  0.0000E+00  0.0000E+00  6.8042E-03
    4   2  1.6315E-03  0.0000E+00  0.0000E+00  1.6155E-03
    5   2  1.5117E-04  0.0000E+00  0.0000E+00  5.2430E-04
    6   2 -1.8662E-04  0.0000E+00  0.0000E+00  1.3282E-04
    7   2 -1.3576E-04  0.0000E+00  0.0000E+00 -3.3252E-06
    8   2 -4.3924E-05  0.0000E+00  0.0000E+00 -2.6236E-05
    9   2 -2.7176E-06  0.0000E+00  0.0000E+00 -1.1844E-05
   10   2  3.9090E-06  0.0000E+00  0.0000E+00 -2.4906E-06
  -10   3  9.0412E-07  0.0000E+00  0.0000E+00  1.1719E-06
   -9   3  8.6841E-07  0.0000E+00  0.0000E+00  2.1477E-06
   -8   3  9.3730E-08  0.0000E+00  0.0000E+00  2.3916E-06
   -7   3  3.8817E-06  0.0000E+00  0.0000E+00  6.6111E-07
   -6   3  1.7626E-05  0.0000E+00  0.0000E+00 -6.2906E-06
   -5   3  3.4360E-05  0.0000E+00  0.0000E+00 -2.4335E-05
   -4   3  1.5505E-05  0.0000E+00  0.0000E+00 -7.5805E-05
   -3   3 -1.0893E-04  0.0000E+00  0.0000E+00 -1.3415E-04
   -2   3 -2.8528E-04  0.0000E+00  0.0000E+00 -2.4547E-04
   -1   3  9.3107E-05  0.0000E+00  0.0000E+00  2.5648E-05
    0   3 -3.2894E-04  0.0000E+00  0.0000E+00 -2.3551E-04
    1   3  3.9100E-04  0.0000E+00  0.0000E+00 -5.1885E-05
    2   3  2.4616E-03  0.0000E+00  0.0000E+00  1.9795E-03
    3   3  2.9900E-03  0.0000E+00  0.0000E+00  2.7371E-03
    4   3  1.1462E-03  0.0000E+00  0.0000E+00  1.2020E-03
    5   3  3.3284E-04  0.0000E+00  0.0000E+00  2.5966E-04
    6   3 -4.7695E-06  0.0000E+00  0.0000E+00  4.5354E-05
    7   3 -1.0865E-04  0.0000E+00  0.0000E+00 -1.6763E-05
    8   3 -8.7449E-05  0.0000E+00  0.0000E+00 -2.5691E-05
    9   3 -4.1407E-05  0.0000E+00  0.0000E+00 -2.0049E-05
   10   3 -1.2772E-05  0.0000E+00  0.0000E+00 -9.9158E-06
  -10   4 -5.4158E-07  0.0000E+00  0.0000E+00  2.9927E-07
   -9   4 -6.6889E-07  0.0000E+00  0.0000E+00  1.5899E-07
   -8   4 -1.0226E-07  0.0000E+00  0.0000E+00  1.7504E-07
   -7   4 -1.0449E-06  0.0000E+00  0.0000E+00  1.5009E-06
   -6   4 -5.1660E-06  0.0000E+00  0.0000E+00  5.7917E-06
   -5   4 -9.5488E-06  0.0000E+00  0.0000E+00  1.6966E-05
   -4   4 -8.2433E-06  0.0000E+00  0.0000E+00  3.6855E-05
   -3   4 -6.7116E-07  0.0000E+00  0.0000E+00  4.1920E-05
   -2   4  3.4042E-06  0.0000E+00  0.0000E+00  1.8723E-05
   -1   4 -2.1532E-05  0.0000E+00  0.0000E+00 -3.3839E-05
    0   4  8.8710E-05  0.0000E+00  0.0000E+00 -8.0943E-05
    1   4  2.9095E-04  0.0000E+00  0.0000E+00 -3.7230E-04
    2   4  2.5792E-05  0.0000E+00  0.0000E+00 -2.3919E-04
    3   4  5.2371E-04  0.0000E+00  0.0000E+00  4.8214E-04
    4   4  5.1254E-04  0.0000E+00  0.0000E+00  5.0347E-04
    5   4  1.8274E-04  0.0000E+00  0.0000E+00  2.0127E-04
    6   4  5.3116E-05  0.0000E+00  0.0000E+00  1.0007E-05
    7   4 -2.3060E-05  0.0000E+00  0.0000E+00 -4.2411E-05
    8   4 -4.9441E-05  0.0000E+00  0.0000E+00 -4.0933E-05
    9   4 -3.9130E-05  0.0000E+00  0.0000E+00 -2.4024E-05
   10   4 -1.9414E-05  0.0000E+00  0.0000E+00 -1.1090E-05
  -10   5 -1.2898E-07  0.0000E+00  0.0000E+00 -2.8245E-07
   -9   5 -7.2381E-08  0.0000E+00  0.0000E+00 -5.6888E-07
   -8   5  1.3667E-07  0.0000E+00  0.0000E+00 -5.5929E-07
   -7   5  1.5703E-07  0.0000E+00  0.0000E+00 -8.1230E-07
   -6   5  7.9526E-07  0.0000E+00  0.0000E+00 -1.6817E-06
   -5   5  1.2753E-06  0.0000E+00  0.0000E+00 -2.1978E-06
   -4   5  1.2792E-06  0.0000E+00  0.0000E+00  2.9123E-07
   -3   5  2.1468E-06  0.0000E+00  0.0000E+00  8.6969E-06
   -2   5  5.7557E-06  0.0000E+00  0.0000E+00  1.9173E-05
   -1   5  1.9652E-05  0.0000E+00  0.0000E+00  1.7072E-05
    0   5  1.5378E-06  0.0000E+00  0.0000E+00  1.5506E-05
    1   5  7.4875E-05  0.0000E+00  0.0000E+00 -3.2712E-05
    2   5 -1.0394E-04  0.0000E+00  0.0000E+00 -1.9745E-04
    3   5 -1.7896E-04  0.0000E+00  0.0000E+00 -2.2922E-04
    4   5  1.4853E-05  0.0000E+00  0.0000E+00  2.3441E-06
    5   5  5.6284E-05  0.0000E+00  0.0000E+00  6.1460E-05
    6   5  2.3518E-05  0.0000E+00  0.0000E+00  1.8771E-05
    7   5  4.2506E-06  0.0000E+00  0.0000E+00 -2.0724E-05
    8   5 -1.5096E-05  0.0000E+00  0.0000E+00 -3.3312E-05
    9   5 -2.1045E-05  0.0000E+00  0.0000E+00 -2.6326E-05
   10   5 -1.5455E-05  0.0000E+00  0.0000E+00 -1.3696E-05
  -10   6  1.4976E-07  0.0000E+00  0.0000E+00 -6.5598E-08
   -9   6  6.5956E-08  0.0000E+00  0.0000E+00 -7.3357E-08
   -8   6 -5.2188E-08  0.0000E+00  0.0000E+00  1.0813E-07
   -7   6 -3.1035E-07  0.0000E+00  0.0000E+00  1.2875E-07
   -6   6 -2.9951E-07  0.0000E+00  0.0000E+00  3.1476E-07
   -5   6 -8.0705E-08  0.0000E+00  0.0000E+00 -8.4221E-08
   -4   6  6.4755E-07  0.0000E+00  0.0000E+00 -1.2697E-06
   -3   6  1.5130E-06  0.0000E+00  0.0000E+00 -2.2733E-06
   -2   6  4.2949E-06  0.0000E+00  0.0000E+00 -4.9831E-07
   -1   6  5.5640E-06  0.0000E+00  0.0000E+00  9.8110E-06
    0   6 -8.6651E-06  0.0000E+00  0.0000E+00  8.5073E-06
    1   6  4.4880E-05  0.0000E+00  0.0000E+00  1.0640E-05
    2   6 -6.0994E-04  0.0000E+00  0.0000E+00  3.5508E-04
    3   6  8.0418E-05  0.0000E+00  0.0000E+00  2.8312E-04
    4   6  7.9489E-05  0.0000E+00  0.0000E+00  9.8861E-05
    5   6  3.8254E-05  0.0000E+00  0.0000E+00  2.8646E-05
    6   6  1.3472E-05  0.0000E+00  0.0000E+00  1.5606E-05
    7   6  3.3773E-06  0.0000E+00  0.0000E+00  4.6890E-07
    8   6 -1.7567E-06  0.0000E+00  0.0000E+00 -1.2294E-05
    9   6 -7.3141E-06  0.0000E+00  0.0000E+00 -1.6474E-05
   10   6 -8.3163E-06  0.0000E+00  0.0000E+00 -1.2466E-05
  -10   7 -5.6426E-08  0.0000E+00  0.0000E+00  1.5840E-08
   -9   7 -1.1655E-07  0.0000E+00  0.0000E+00 -1.3375E-09
   -8   7 -1.2499E-07  0.0000E+00  0.0000E+00  7.7313E-08
   -7   7 -1.5753E-07  0.0000E+00  0.0000E+00  2.7283E-08
   -6   7 -1.4785E-07  0.0000E+00  0.0000E+00  1.1586E-07
   -5   7 -1.4755E-07  0.0000E+00  0.0000E+00  6.3506E-08
   -4   7 -2.2551E-07  0.0000E+00  0.0000E+00  9.9339E-10
   -3   7 -5.4058E-07  0.0000E+00  0.0000E+00 -6.9607E-07
   -2   7 -7.0227E-07  0.0000E+00  0.0000E+00 -1.3704E-06
   -1   7  7.7826E-07  0.0000E+00  0.0000E+00 -2.2908E-06
    0   7 -1.9041E-07  0.0000E+00  0.0000E+00 -7.7258E-07
    1   7  5.0575E-06  0.0000E+00  0.0000E+00 -3.0998E-06
    2   7 -6.3803E-05  0.0000E+00  0.0000E+00  2.4797E-05
    3   7 -9.1664E-05  0.0000E+00  0.0000E+00  1.0050E-04
    4   7  1.1523E-04  0.0000E+00  0.0000E+00  1.6560E-04
    5   7  8.3072E-05  0.0000E+00  0.0000E+00  9.0575E-05
    6   7  3.3059E-05  0.0000E+00  0.0000E+00  2.9838E-05
    7   7  7.3926E-06  0.0000E+00  0.0000E+00  1.0485E-05
    8   7 -4.7831E-07  0.0000E+00  0.0000E+00  1.4600E-06
    9   7 -2.9818E-06  0.0000E+00  0.0000E+00 -4.6248E-06
   10   7 -4.0380E-06  0.0000E+00  0.0000E+00 -6.7378E-06
  -10   8 -3.2234E-08  0.0000E+00  0.0000E+00 -4.4732E-08
   -9   8 -5.4122E-08  0.0000E+00  0.0000E+00 -5.2696E-08
   -8   8 -6.3326E-08  0.0000E+00  0.0000E+00 -5.1433E-09
   -7   8 -1.1542E-07  0.0000E+00  0.0000E+00  6.1225E-08
   -6   8 -1.3494E-07  0.0000E+00  0.0000E+00  1.4144E-07
   -5   8 -7.1328E-08  0.0000E+00  0.0000E+00  6.2316E-08
   -4   8  1.1574E-07  0.0000E+00  0.0000E+00 -8.5893E-08
   -3   8  2.5292E-07  0.0000E+00  0.0000E+00 -4.0931E-07
   -2   8  3.4607E-07  0.0000E+00  0.0000E+00 -1.3617E-06
   -1   8 -6.4835E-07  0.0000E+00  0.0000E+00 -2.3841E-06
    0   8 -4.5872E-06  0.0000E+00  0.0000E+00 -4.4199E-06
    1   8  1.5260E-06  0.0000E+00  0.0000E+00 -7.7300E-07
    2   8 -1.5417E-05  0.0000E+00  0.0000E+00 -1.7591E-06
    3   8 -2.5338E-05  0.0000E+00  0.0000E+00  2.1018E-05
    4   8  3.2146E-05  0.0000E+00  0.0000E+00  6.9996E-05
    5   8  7.4939E-05  0.0000E+00  0.0000E+00  8.2587E-05
    6   8  4.4318E-05  0.0000E+00  0.0000E+00  4.4867E-05
    7   8  1.6644E-05  0.0000E+00  0.0000E+00  1.5491E-05
    8   8  2.8857E-06  0.0000E+00  0.0000E+00  5.0313E-06
    9   8 -1.6331E-06  0.0000E+00  0.0000E+00  8.1209E-07
   10   8 -2.5636E-06  0.0000E+00  0.0000E+00 -1.6375E-06
  -10   9 -4.3392E-08  0.0000E+00  0.0000E+00 -2.2249E-08
   -9   9 -6.4525E-08  0.0000E+00  0.0000E+00 -2.9759E-08
   -8   9 -6.1888E-08  0.0000E+00  0.0000E+00  1.0069E-08
   -7   9 -1.4137E-07  0.0000E+00  0.0000E+00  9.3015E-08
   -6   9 -1.4908E-07  0.0000E+00  0.0000E+00  1.8067E-07
   -5   9 -4.0074E-08  0.0000E+00  0.0000E+00  1.1410E-07
   -4   9 -2.9884E-08  0.0000E+00  0.0000E+00  9.7266E-08
   -3   9 -1.1218E-07  0.0000E+00  0.0000E+00  1.4540E-07
   -2   9 -1.7904E-07  0.0000E+00  0.0000E+00  3.0407E-07
   -1   9 -3.3839E-07  0.0000E+00  0.0000E+00  4.5133E-08
    0   9 -1.1313E-06  0.0000E+00  0.0000E+00 -1.1790E-06
    1   9 -6.4653E-07  0.0000E+00  0.0000E+00 -1.2277E-06
    2   9 -8.4831E-06  0.0000E+00  0.0000E+00 -2.7828E-06
    3   9  3.7339E-05  0.0000E+00  0.0000E+00 -1.1838E-05
    4   9 -6.2308E-06  0.0000E+00  0.0000E+00 -1.9439E-05
    5   9  1.4037E-05  0.0000E+00  0.0000E+00  1.4378E-05
    6   9  2.5624E-05  0.0000E+00  0.0000E+00  2.6211E-05
    7   9  1.5230E-05  0.0000E+00  0.0000E+00  1.5222E-05
    8   9  5.6486E-06  0.0000E+00  0.0000E+00  5.1307E-06
    9   9  3.6409E-07  0.0000E+00  0.0000E+00  1.1369E-06
   10   9 -1.4522E-06  0.0000E+00  0.0000E+00 -1.8785E-07
  -10  10 -1.9886E-08  0.0000E+00  0.0000E+00 -3.4469E-09
   -9  10 -3.1882E-08  0.0000E+00  0.0000E+00 -1.8193E-08
   -8  10 -4.6000E-08  0.0000E+00  0.0000E+00  2.2398E-09
   -7  10 -9.2810E-08  0.0000E+00  0.0000E+00  7.0091E-08
   -6  10 -1.6164E-07  0.0000E+00  0.0000E+00  1.3154E-07
   -5  10 -2.6788E-08  0.0000E+00  0.0000E+00  1.0400E-07
   -4  10  8.8693E-08  0.0000E+00  0.0000E+00  1.3648E-08
   -3  10 -5.0829E-08  0.0000E+00  0.0000E+00  4.3532E-08
   -2  10 -6.6521E-08  0.0000E+00  0.0000E+00  1.0496E-07
   -1  10 -2.0361E-07  0.0000E+00  0.0000E+00  4.6499E-07
    0  10 -3.9020E-07  0.0000E+00  0.0000E+00  5.2763E-07
    1  10  5.3937E-08  0.0000E+00  0.0000E+00  2.2227E-07
    2  10 -1.7645E-06  0.0000E+00  0.0000E+00 -7.8227E-07
    3  10  6.9699E-06  0.0000E+00  0.0000E+00 -1.5111E-07
    4  10  8.5615E-06  0.0000E+00  0.0000E+00 -1.0283E-05
    5  10 -8.1673E-06  0.0000E+00  0.0000E+00 -1.6475E-05
    6  10 -4.1750E-08  0.0000E+00  0.0000E+00 -2.2674E-06
    7  10  5.1486E-06  0.0000E+00  0.0000E+00  5.2033E-06
    8  10  3.6685E-06  0.0000E+00  0.0000E+00  3.6015E-06
    9  10  1.3404E-06  0.0000E+00  0.0000E+00  8.7790E-07
   10  10 -2.7112E-07  0.0000E+00  0.0000E+00 -3.1060E-07
 FSQR, FSQZ = Normalized Physical Force Residuals
 fsqr, fsqz = Preconditioned Force Residuals
 -----------------------
 BEGIN FORCE ITERATIONS
 -----------------------


  NS =    5 NO. FOURIER MODES =  288 FTOLV =  1.000E-11 NITER =    500
  PROCESSOR COUNT - RADIAL:    2

  ITER    FSQR      FSQZ      FSQL      fsqr      fsqz      fsql      DELT    RAX(v=0)      WMHD      BETA      <M>        

     1   4.38E+00  3.27E+00  1.05E-01  4.34E-05  5.90E-05  3.80E-03  9.00E-01  1.261E+00  7.0932E-02  0.000E+00  1.172
   200   3.77E-07  2.17E-07  2.12E-07  1.41E-10  4.98E-11  1.07E-09  4.30E-01  1.262E+00  6.8544E-02  0.000E+00  1.242
   400   7.45E-09  4.56E-09  9.57E-09  2.10E-12  6.42E-13  1.57E-11  4.30E-01  1.262E+00  6.8542E-02  0.000E+00  1.243
   500   3.35E-09  1.93E-09  7.37E-09  5.39E-13  6.98E-14  4.01E-12  4.30E-01  1.262E+00  6.8542E-02  0.000E+00  1.242

 MHD Energy = 6.854176E-02   d(ln W)/dt = 7.901E-09   d(ln R0)/dt = 5.859E-07

  NS =   16 NO. FOURIER MODES =  288 FTOLV =  1.000E-12 NITER =    800
  PROCESSOR COUNT - RADIAL:    8

  ITER    FSQR      FSQZ      FSQL      fsqr      fsqz      fsql      DELT    RAX(v=0)      WMHD      BETA      <M>        

     1   2.70E-02  1.06E-02  4.57E-03  9.34E-08  4.78E-08  5.60E-05  9.00E-01  1.262E+00  6.8555E-02  0.000E+00  1.242
   200   4.84E-09  2.25E-09  2.96E-09  1.46E-13  6.02E-14  1.98E-12  7.29E-01  1.262E+00  6.8539E-02  0.000E+00  1.238
   400   2.07E-10  9.58E-11  1.52E-10  9.01E-15  3.07E-15  8.76E-14  7.29E-01  1.262E+00  6.8539E-02  0.000E+00  1.236
   600   4.82E-11  2.34E-11  1.43E-11  2.67E-15  1.91E-15  2.58E-14  7.29E-01  1.262E+00  6.8539E-02  0.000E+00  1.235
   800   2.48E-11  1.41E-11  8.36E-12  1.46E-15  9.02E-16  1.58E-14  7.29E-01  1.262E+00  6.8539E-02  0.000E+00  1.235

 MHD Energy = 6.853889E-02   d(ln W)/dt = 2.355E-09   d(ln R0)/dt = 2.337E-08

  NS =   35 NO. FOURIER MODES =  288 FTOLV =  1.000E-13 NITER =   1000
  PROCESSOR COUNT - RADIAL:    8

  ITER    FSQR      FSQZ      FSQL      fsqr      fsqz      fsql      DELT    RAX(v=0)      WMHD      BETA      <M>        

     1   3.37E-03  9.55E-04  1.23E-05  3.81E-10  2.78E-10  7.81E-06  9.00E-01  1.262E+00  6.8539E-02  0.000E+00  1.235
   200   3.12E-09  1.78E-09  1.11E-10  6.50E-15  4.30E-15  3.15E-13  6.48E-01  1.262E+00  6.8539E-02  0.000E+00  1.235
   400   6.05E-11  3.82E-11  1.03E-11  1.82E-15  1.18E-15  2.97E-14  6.48E-01  1.262E+00  6.8539E-02  0.000E+00  1.235
   600   2.74E-11  1.48E-11  3.61E-12  1.31E-15  8.01E-16  1.12E-14  6.48E-01  1.262E+00  6.8539E-02  0.000E+00  1.235
   800   2.04E-11  1.08E-11  4.28E-12  8.27E-16  5.29E-16  9.46E-15  6.48E-01  1.262E+00  6.8539E-02  0.000E+00  1.235
  1000   8.92E-12  5.41E-12  2.90E-12  3.22E-16  2.56E-16  3.56E-15  6.48E-01  1.262E+00  6.8539E-02  0.000E+00  1.235

 MHD Energy = 6.853877E-02   d(ln W)/dt = 3.867E-10   d(ln R0)/dt = 1.209E-08

  NS =  151 NO. FOURIER MODES =  288 FTOLV =  1.000E-14 NITER =  30000
  PROCESSOR COUNT - RADIAL:    8

  ITER    FSQR      FSQZ      FSQL      fsqr      fsqz      fsql      DELT    RAX(v=0)      WMHD      BETA      <M>        

     1   9.87E-03  2.91E-03  3.67E-06  4.51E-11  6.56E-11  8.01E-06  9.00E-01  1.262E+00  6.8539E-02  0.000E+00  1.235
   200   7.15E-07  1.91E-06  7.46E-10  1.24E-11  4.61E-11  4.49E-11  4.01E-01  1.262E+00  6.8539E-02  0.000E+00  1.235
   400   4.91E-05  1.49E-04  4.14E-08  1.04E-09  3.90E-09  7.15E-11  4.01E-01  1.262E+00  6.8539E-02  0.000E+00  1.235
   600   4.47E-07  1.31E-06  4.31E-10  8.56E-12  3.19E-11  1.19E-12  3.89E-01  1.262E+00  6.8539E-02  0.000E+00  1.235
   800   1.02E-09  1.28E-09  1.13E-11  5.66E-16  5.96E-16  1.39E-14  3.89E-01  1.262E+00  6.8539E-02  0.000E+00  1.235
  1000   2.96E-10  3.89E-10  4.66E-12  3.91E-16  3.39E-16  4.97E-15  3.89E-01  1.262E+00  6.8539E-02  0.000E+00  1.235
  1200   9.89E-11  1.56E-10  2.09E-12  3.98E-16  2.74E-16  4.77E-15  3.89E-01  1.262E+00  6.8539E-02  0.000E+00  1.235
  1400   5.63E-11  9.89E-11  1.23E-12  3.38E-16  2.21E-16  2.92E-15  3.89E-01  1.262E+00  6.8539E-02  0.000E+00  1.234
  1600   4.92E-11  6.85E-11  9.81E-13  2.65E-16  1.56E-16  2.47E-15  3.89E-01  1.262E+00  6.8539E-02  0.000E+00  1.234
  1800   3.38E-11  4.34E-11  7.39E-13  1.90E-16  1.30E-16  1.85E-15  3.89E-01  1.262E+00  6.8539E-02  0.000E+00  1.234
  2000   2.26E-11  2.93E-11  5.97E-13  1.26E-16  9.67E-17  1.39E-15  3.89E-01  1.262E+00  6.8539E-02  0.000E+00  1.234
  2200   1.53E-11  1.73E-11  4.87E-13  7.92E-17  7.42E-17  8.67E-16  3.89E-01  1.262E+00  6.8539E-02  0.000E+00  1.234
  2400   1.05E-11  1.14E-11  3.67E-13  5.22E-17  4.45E-17  6.22E-16  3.89E-01  1.262E+00  6.8539E-02  0.000E+00  1.234
  2600   6.09E-12  7.33E-12  2.79E-13  3.45E-17  2.91E-17  3.94E-16  3.89E-01  1.262E+00  6.8539E-02  0.000E+00  1.234
  2800   4.17E-12  4.48E-12  2.15E-13  2.26E-17  1.95E-17  2.55E-16  3.89E-01  1.262E+00  6.8539E-02  0.000E+00  1.234
  3000   2.76E-12  2.72E-12  1.77E-13  1.35E-17  1.30E-17  1.70E-16  3.89E-01  1.262E+00  6.8539E-02  0.000E+00  1.234
  3200   1.64E-12  1.57E-12  1.48E-13  8.15E-18  9.17E-18  1.12E-16  3.89E-01  1.262E+00  6.8539E-02  0.000E+00  1.234
  3400   1.14E-12  1.14E-12  1.30E-13  5.06E-18  6.39E-18  8.39E-17  3.89E-01  1.262E+00  6.8539E-02  0.000E+00  1.234
  3600   7.86E-13  7.69E-13  1.08E-13  3.13E-18  4.53E-18  5.99E-17  3.89E-01  1.262E+00  6.8539E-02  0.000E+00  1.234
  3800   5.34E-13  5.05E-13  9.09E-14  1.93E-18  3.10E-18  4.46E-17  3.89E-01  1.262E+00  6.8539E-02  0.000E+00  1.234
  4000   3.47E-13  3.31E-13  7.58E-14  1.18E-18  2.07E-18  3.28E-17  3.89E-01  1.262E+00  6.8539E-02  0.000E+00  1.233
  4200   2.40E-13  2.30E-13  6.27E-14  7.91E-19  1.42E-18  2.56E-17  3.89E-01  1.262E+00  6.8539E-02  0.000E+00  1.233
  4400   1.70E-13  1.62E-13  5.11E-14  5.76E-19  1.01E-18  1.92E-17  3.89E-01  1.262E+00  6.8539E-02  0.000E+00  1.233
  4600   1.24E-13  1.17E-13  4.19E-14  4.13E-19  7.17E-19  1.48E-17  3.89E-01  1.262E+00  6.8539E-02  0.000E+00  1.233
  4800   9.39E-14  9.08E-14  3.34E-14  2.99E-19  5.10E-19  1.16E-17  3.89E-01  1.262E+00  6.8539E-02  0.000E+00  1.233
  5000   7.46E-14  7.14E-14  2.59E-14  2.37E-19  3.73E-19  9.01E-18  3.89E-01  1.262E+00  6.8539E-02  0.000E+00  1.233
  5200   5.94E-14  5.63E-14  1.98E-14  1.99E-19  2.76E-19  6.95E-18  3.89E-01  1.262E+00  6.8539E-02  0.000E+00  1.233
  5400   4.96E-14  4.62E-14  1.47E-14  1.68E-19  2.01E-19  5.43E-18  3.89E-01  1.262E+00  6.8539E-02  0.000E+00  1.233
  5600   4.10E-14  3.72E-14  1.06E-14  1.46E-19  1.46E-19  4.22E-18  3.89E-01  1.262E+00  6.8539E-02  0.000E+00  1.233
  5800   3.47E-14  3.05E-14  7.54E-15  1.31E-19  1.10E-19  3.36E-18  3.89E-01  1.262E+00  6.8539E-02  0.000E+00  1.233
  6000   2.96E-14  2.52E-14  5.29E-15  1.23E-19  8.54E-20  2.82E-18  3.89E-01  1.262E+00  6.8539E-02  0.000E+00  1.233
  6200   2.56E-14  2.11E-14  3.72E-15  1.14E-19  6.82E-20  2.37E-18  3.89E-01  1.262E+00  6.8539E-02  0.000E+00  1.233
  6400   2.24E-14  1.77E-14  2.67E-15  1.04E-19  5.62E-20  2.07E-18  3.89E-01  1.262E+00  6.8539E-02  0.000E+00  1.233
  6600   1.97E-14  1.51E-14  2.01E-15  9.69E-20  4.74E-20  1.87E-18  3.89E-01  1.262E+00  6.8539E-02  0.000E+00  1.233
  6800   1.74E-14  1.30E-14  1.62E-15  9.04E-20  4.08E-20  1.73E-18  3.89E-01  1.262E+00  6.8539E-02  0.000E+00  1.233
  7000   1.55E-14  1.13E-14  1.39E-15  8.36E-20  3.54E-20  1.63E-18  3.89E-01  1.262E+00  6.8539E-02  0.000E+00  1.233
  7200   1.38E-14  9.71E-15  1.27E-15  7.69E-20  3.11E-20  1.54E-18  3.89E-01  1.262E+00  6.8539E-02  0.000E+00  1.233
  7400   1.22E-14  8.36E-15  1.22E-15  7.13E-20  2.75E-20  1.46E-18  3.89E-01  1.262E+00  6.8539E-02  0.000E+00  1.233
  7600   1.08E-14  7.12E-15  1.20E-15  6.64E-20  2.42E-20  1.39E-18  3.89E-01  1.262E+00  6.8539E-02  0.000E+00  1.233
  7722   9.96E-15  6.47E-15  1.19E-15  6.37E-20  2.22E-20  1.36E-18  3.89E-01  1.262E+00  6.8539E-02  0.000E+00  1.233

 MHD Energy = 6.853876E-02   d(ln W)/dt = 2.752E-13   d(ln R0)/dt = 2.674E-10

 NOTE:  S=normalized toroidal flux (0 - 1)
        U=poloidal angle (0 - 2*pi)
        V=geometric toroidal angle (0 - 2*pi)
       <RADIAL FORCE> = d(Ipol)/dPHI - IOTA*d(Itor)/dPHI - dp/dPHI * d(VOL)/dPHI
                      = d(VOL)/dPHI*[<JSUPU> - IOTA*<JSUPV> - SIGN(JAC)*dp/dPHI]
       (NORMED TO SUM OF INDIVIDUAL TERMS)

      S     <RADIAL    TOROIDAL      IOTA      <JSUPU>    <JSUPV>     d(VOL)/   d(PRES)/    <M>     PRESF    <BSUBU>    <BSUBV>      <J.B>      <B.B>
             FORCE>      FLUX                                         d(PHI)     d(PHI)                             
----------------------------------------------------------------------------------------------------------------------------------------------------

  0.00E+00  1.00E+00 -0.0000E+00 -1.1990E+00  5.660E+04 -1.352E-07 -7.384E+00  0.000E+00  1.000  0.000E+00  0.000E+00  1.175E+00  2.280E+01  9.998E-01
  6.67E-03  1.00E+00  1.2378E-04 -1.1990E+00  3.446E+04 -3.219E-08 -7.384E+00  0.000E+00  1.003  0.000E+00  1.931E-19  1.175E+00  7.615E+00  9.998E-01
  1.33E-02  1.00E+00  2.4756E-04 -1.1991E+00  1.231E+04  7.085E-08 -7.384E+00  0.000E+00  1.007  0.000E+00 -3.692E-19  1.175E+00 -7.569E+00  9.998E-01
  2.00E-02  1.00E+00  3.7134E-04 -1.1993E+00  4.382E+03 -3.819E-08 -7.384E+00  0.000E+00  1.010  0.000E+00 -8.443E-19  1.175E+00  7.586E+00  9.998E-01
  2.67E-02  1.00E+00  4.9512E-04 -1.1995E+00  1.216E+03  1.224E-07 -7.384E+00  0.000E+00  1.014  0.000E+00 -2.069E-18  1.175E+00 -7.580E+00  9.998E-01
  3.33E-02  1.00E+00  6.1890E-04 -1.1996E+00  6.562E+01 -1.805E-07 -7.384E+00  0.000E+00  1.017  0.000E+00 -1.224E-18  1.175E+00  7.565E+00  9.999E-01
  4.00E-02 -1.00E+00  7.4268E-04 -1.1997E+00 -2.584E+02 -2.363E-08 -7.384E+00  0.000E+00  1.020  0.000E+00  1.746E-18  1.175E+00 -7.583E+00  9.999E-01
  4.67E-02 -1.00E+00  8.6646E-04 -1.1998E+00 -3.622E+02  5.516E-08 -7.384E+00  0.000E+00  1.024  0.000E+00  1.287E-18  1.175E+00  7.540E+00  9.999E-01
  5.33E-02 -1.00E+00  9.9024E-04 -1.1999E+00 -3.202E+02  1.138E-08 -7.384E+00  0.000E+00  1.027  0.000E+00  3.189E-19  1.175E+00 -7.597E+00  9.999E-01
  6.00E-02 -1.00E+00  1.1140E-03 -1.2000E+00 -2.997E+02  7.643E-08 -7.384E+00  0.000E+00  1.030  0.000E+00 -9.584E-19  1.175E+00  7.519E+00  9.999E-01
  6.67E-02 -1.00E+00  1.2378E-03 -1.2001E+00 -2.732E+02 -5.991E-07 -7.384E+00  0.000E+00  1.034  0.000E+00  6.644E-18  1.175E+00 -7.584E+00  9.999E-01
  7.33E-02 -1.00E+00  1.3616E-03 -1.2001E+00 -2.808E+02  4.885E-07 -7.384E+00  0.000E+00  1.037  0.000E+00  8.253E-18  1.175E+00  7.527E+00  9.999E-01
  8.00E-02 -1.00E+00  1.4854E-03 -1.2002E+00 -2.289E+02 -1.083E-07 -7.384E+00  0.000E+00  1.041  0.000E+00  2.724E-18  1.175E+00 -7.563E+00  9.999E-01
  8.67E-02 -1.00E+00  1.6091E-03 -1.2003E+00 -2.221E+02  3.992E-07 -7.383E+00  0.000E+00  1.044  0.000E+00 -1.507E-18  1.175E+00  7.509E+00  9.999E-01
  9.33E-02 -1.00E+00  1.7329E-03 -1.2003E+00 -1.889E+02 -3.159E-07 -7.383E+00  0.000E+00  1.047  0.000E+00 -2.718E-18  1.175E+00 -7.568E+00  9.999E-01
  1.00E-01 -1.00E+00  1.8567E-03 -1.2004E+00 -1.875E+02  2.653E-08 -7.383E+00  0.000E+00  1.051  0.000E+00  1.490E-18  1.175E+00  7.497E+00  9.999E-01
  1.07E-01 -1.00E+00  1.9805E-03 -1.2004E+00 -1.573E+02 -6.451E-08 -7.383E+00  0.000E+00  1.054  0.000E+00  2.043E-18  1.175E+00 -7.535E+00  9.999E-01
  1.13E-01 -1.00E+00  2.1043E-03 -1.2005E+00 -1.570E+02  1.584E-07 -7.383E+00  0.000E+00  1.057  0.000E+00  6.772E-19  1.175E+00  7.515E+00  9.999E-01
  1.20E-01 -1.00E+00  2.2280E-03 -1.2005E+00 -1.126E+02 -2.247E-07 -7.383E+00  0.000E+00  1.061  0.000E+00  1.642E-18  1.175E+00 -7.511E+00  1.000E+00
  1.27E-01 -1.00E+00  2.3518E-03 -1.2006E+00 -1.285E+02  3.351E-07 -7.383E+00  0.000E+00  1.064  0.000E+00  3.663E-20  1.175E+00  7.489E+00  1.000E+00
  1.33E-01 -1.00E+00  2.4756E-03 -1.2006E+00 -1.262E+02 -2.662E-07 -7.383E+00  0.000E+00  1.067  0.000E+00 -9.661E-19  1.175E+00 -7.492E+00  1.000E+00
  1.40E-01 -1.00E+00  2.5994E-03 -1.2007E+00 -1.180E+02  1.287E-08 -7.383E+00  0.000E+00  1.071  0.000E+00  2.718E-18  1.175E+00  7.487E+00  1.000E+00
  1.47E-01 -1.00E+00  2.7232E-03 -1.2007E+00 -7.871E+01 -4.486E-07 -7.383E+00  0.000E+00  1.074  0.000E+00  9.055E-18  1.175E+00 -7.470E+00  1.000E+00
  1.53E-01 -1.00E+00  2.8469E-03 -1.2007E+00 -1.100E+02  4.870E-07 -7.383E+00  0.000E+00  1.077  0.000E+00  8.496E-18  1.175E+00  7.465E+00  1.000E+00
  1.60E-01 -1.00E+00  2.9707E-03 -1.2008E+00 -1.158E+02 -2.343E-07 -7.383E+00  0.000E+00  1.080  0.000E+00  4.821E-18  1.175E+00 -7.433E+00  1.000E+00
  1.67E-01 -1.00E+00  3.0945E-03 -1.2008E+00 -1.207E+02  2.896E-07 -7.383E+00  0.000E+00  1.084  0.000E+00  4.017E-18  1.175E+00  7.460E+00  1.000E+00
  1.73E-01 -1.00E+00  3.2183E-03 -1.2008E+00 -6.608E+01 -3.061E-07 -7.383E+00  0.000E+00  1.087  0.000E+00  4.257E-18  1.175E+00 -7.397E+00  1.000E+00
  1.80E-01 -1.00E+00  3.3421E-03 -1.2009E+00 -6.748E+01  3.162E-07 -7.383E+00  0.000E+00  1.090  0.000E+00  4.110E-18  1.175E+00  7.368E+00  1.000E+00
  1.87E-01 -1.00E+00  3.4658E-03 -1.2009E+00 -7.952E+01 -9.021E-08 -7.383E+00  0.000E+00  1.093  0.000E+00  8.226E-19  1.175E+00 -7.423E+00  1.000E+00
  1.93E-01 -1.00E+00  3.5896E-03 -1.2009E+00 -1.224E+02  4.522E-07 -7.383E+00  0.000E+00  1.097  0.000E+00 -4.442E-18  1.175E+00  7.316E+00  1.000E+00
  2.00E-01 -1.00E+00  3.7134E-03 -1.2009E+00 -8.272E+01  7.459E-08 -7.383E+00  0.000E+00  1.100  0.000E+00 -1.210E-17  1.175E+00 -7.335E+00  1.000E+00
  2.07E-01 -1.00E+00  3.8372E-03 -1.2010E+00 -5.882E+01 -5.242E-07 -7.383E+00  0.000E+00  1.103  0.000E+00 -5.564E-18  1.175E+00  7.272E+00  1.000E+00
  2.13E-01 -1.00E+00  3.9610E-03 -1.2010E+00 -5.144E+01  2.143E-07 -7.383E+00  0.000E+00  1.106  0.000E+00 -1.056E-18  1.175E+00 -7.329E+00  1.000E+00
  2.20E-01 -1.00E+00  4.0847E-03 -1.2010E+00 -9.130E+01  6.361E-08 -7.383E+00  0.000E+00  1.109  0.000E+00 -5.098E-18  1.175E+00  7.191E+00  1.000E+00
  2.27E-01 -1.00E+00  4.2085E-03 -1.2010E+00 -6.707E+01 -1.394E-07 -7.383E+00  0.000E+00  1.113  0.000E+00 -3.996E-18  1.175E+00 -7.255E+00  1.000E+00
  2.33E-01 -1.00E+00  4.3323E-03 -1.2010E+00 -5.818E+01  9.893E-08 -7.382E+00  0.000E+00  1.116  0.000E+00 -3.408E-18  1.175E+00  7.212E+00  1.000E+00
  2.40E-01 -1.00E+00  4.4561E-03 -1.2011E+00 -4.396E+01 -2.736E-07 -7.382E+00  0.000E+00  1.119  0.000E+00 -8.680E-19  1.175E+00 -7.155E+00  1.000E+00
  2.47E-01 -1.00E+00  4.5799E-03 -1.2011E+00 -8.122E+01 -2.891E-08 -7.382E+00  0.000E+00  1.122  0.000E+00  3.531E-18  1.175E+00  7.140E+00  1.000E+00
  2.53E-01 -1.00E+00  4.7036E-03 -1.2011E+00 -6.419E+01 -1.032E-07 -7.382E+00  0.000E+00  1.125  0.000E+00  5.453E-18  1.175E+00 -7.167E+00  1.000E+00
  2.60E-01 -1.00E+00  4.8274E-03 -1.2011E+00 -3.461E+01 -2.700E-07 -7.382E+00  0.000E+00  1.129  0.000E+00  1.088E-17  1.175E+00  7.030E+00  1.000E+00
  2.67E-01  1.00E+00  4.9512E-03 -1.2011E+00  2.366E+01  1.373E-07 -7.382E+00  0.000E+00  1.132  0.000E+00  1.281E-17  1.175E+00 -7.134E+00  1.000E+00
  2.73E-01 -1.00E+00  5.0750E-03 -1.2011E+00 -5.253E+01  4.603E-07 -7.382E+00  0.000E+00  1.135  0.000E+00  4.120E-18  1.175E+00  7.024E+00  1.000E+00
  2.80E-01 -1.00E+00  5.1988E-03 -1.2011E+00 -5.280E+01 -2.445E-07 -7.382E+00  0.000E+00  1.138  0.000E+00  9.804E-19  1.175E+00 -7.055E+00  1.000E+00
  2.87E-01 -1.00E+00  5.3225E-03 -1.2012E+00 -5.096E+01  4.487E-08 -7.382E+00  0.000E+00  1.141  0.000E+00  3.883E-18  1.175E+00  6.956E+00  1.000E+00
  2.93E-01 -1.00E+00  5.4463E-03 -1.2012E+00 -1.069E+01  1.301E-07 -7.382E+00  0.000E+00  1.144  0.000E+00  1.339E-18  1.175E+00 -7.096E+00  1.000E+00
  3.00E-01 -1.00E+00  5.5701E-03 -1.2012E+00 -3.921E+01  3.244E-08 -7.382E+00  0.000E+00  1.147  0.000E+00 -1.024E-18  1.175E+00  6.914E+00  1.000E+00
  3.07E-01 -1.00E+00  5.6939E-03 -1.2012E+00 -3.833E+01 -2.959E-07 -7.382E+00  0.000E+00  1.151  0.000E+00  2.808E-18  1.175E+00 -6.950E+00  1.000E+00
  3.13E-01 -1.00E+00  5.8177E-03 -1.2012E+00 -4.923E+01 -5.068E-07 -7.382E+00  0.000E+00  1.154  0.000E+00  1.448E-17  1.175E+00  6.933E+00  1.000E+00
  3.20E-01 -1.00E+00  5.9414E-03 -1.2012E+00 -2.041E+01  3.702E-07 -7.382E+00  0.000E+00  1.157  0.000E+00  1.647E-17  1.175E+00 -6.948E+00  1.000E+00
  3.27E-01 -1.00E+00  6.0652E-03 -1.2012E+00 -3.238E+01  2.149E-07 -7.382E+00  0.000E+00  1.160  0.000E+00  7.958E-18  1.175E+00  6.817E+00  1.000E+00
  3.33E-01 -1.00E+00  6.1890E-03 -1.2012E+00 -2.788E+01  6.006E-08 -7.382E+00  0.000E+00  1.163  0.000E+00  3.959E-18  1.175E+00 -6.935E+00  1.000E+00
  3.40E-01 -1.00E+00  6.3128E-03 -1.2012E+00 -4.888E+01 -8.194E-08 -7.382E+00  0.000E+00  1.166  0.000E+00  4.277E-18  1.175E+00  6.764E+00  1.000E+00
  3.47E-01 -1.00E+00  6.4366E-03 -1.2012E+00 -2.702E+01 -2.608E-07 -7.382E+00  0.000E+00  1.169  0.000E+00  9.262E-18  1.175E+00 -6.872E+00  1.000E+00
  3.53E-01 -1.00E+00  6.5603E-03 -1.2012E+00 -3.239E+01  1.126E-06 -7.382E+00  0.000E+00  1.172  0.000E+00 -3.317E-18  1.175E+00  6.692E+00  1.000E+00
  3.60E-01 -1.00E+00  6.6841E-03 -1.2012E+00 -2.391E+01 -5.596E-07 -7.382E+00  0.000E+00  1.175  0.000E+00 -1.155E-17  1.175E+00 -6.791E+00  1.000E+00
  3.67E-01 -1.00E+00  6.8079E-03 -1.2012E+00 -3.863E+01  7.719E-08 -7.382E+00  0.000E+00  1.178  0.000E+00 -4.535E-18  1.175E+00  6.668E+00  1.000E+00
  3.73E-01 -1.00E+00  6.9317E-03 -1.2012E+00 -1.742E+01 -1.667E-07 -7.382E+00  0.000E+00  1.181  0.000E+00 -3.234E-18  1.175E+00 -6.632E+00  1.000E+00
  3.80E-01 -1.00E+00  7.0555E-03 -1.2012E+00 -3.135E+01  3.340E-07 -7.382E+00  0.000E+00  1.185  0.000E+00 -5.668E-18  1.175E+00  6.622E+00  1.000E+00
  3.87E-01 -1.00E+00  7.1792E-03 -1.2012E+00 -2.038E+01 -3.191E-07 -7.382E+00  0.000E+00  1.188  0.000E+00 -5.885E-18  1.175E+00 -6.603E+00  1.000E+00
  3.93E-01 -1.00E+00  7.3030E-03 -1.2012E+00 -2.749E+01 -1.278E-08 -7.382E+00  0.000E+00  1.191  0.000E+00 -1.058E-18  1.175E+00  6.409E+00  1.000E+00
  4.00E-01 -1.00E+00  7.4268E-03 -1.2012E+00 -6.663E+00  4.579E-07 -7.382E+00  0.000E+00  1.194  0.000E+00 -7.532E-18  1.175E+00 -6.512E+00  1.000E+00
  4.07E-01 -1.00E+00  7.5506E-03 -1.2012E+00 -2.337E+01 -1.917E-07 -7.382E+00  0.000E+00  1.197  0.000E+00 -1.140E-17  1.175E+00  6.414E+00  1.000E+00
  4.13E-01 -1.00E+00  7.6744E-03 -1.2012E+00 -9.088E+00 -9.907E-07 -7.382E+00  0.000E+00  1.200  0.000E+00  5.790E-18  1.175E+00 -6.413E+00  1.000E+00
  4.20E-01 -1.00E+00  7.7981E-03 -1.2012E+00 -2.138E+01  9.335E-07 -7.382E+00  0.000E+00  1.203  0.000E+00  6.622E-18  1.175E+00  6.300E+00  1.000E+00
  4.27E-01  1.00E+00  7.9219E-03 -1.2012E+00  6.434E+00 -3.144E-07 -7.382E+00  0.000E+00  1.206  0.000E+00 -2.381E-18  1.175E+00 -6.372E+00  1.000E+00
  4.33E-01 -1.00E+00  8.0457E-03 -1.2012E+00 -7.222E+00 -7.577E-07 -7.382E+00  0.000E+00  1.209  0.000E+00  1.321E-17  1.175E+00  6.277E+00  1.000E+00
  4.40E-01 -1.00E+00  8.1695E-03 -1.2012E+00 -6.592E+00  5.185E-07 -7.382E+00  0.000E+00  1.212  0.000E+00  1.669E-17  1.175E+00 -6.267E+00  1.000E+00
  4.47E-01 -1.00E+00  8.2933E-03 -1.2012E+00 -2.408E+01  2.030E-08 -7.382E+00  0.000E+00  1.215  0.000E+00  8.852E-18  1.175E+00  6.236E+00  1.000E+00
  4.53E-01  1.00E+00  8.4170E-03 -1.2012E+00  1.127E+01  2.791E-07 -7.382E+00  0.000E+00  1.218  0.000E+00  4.499E-18  1.175E+00 -6.233E+00  1.000E+00
  4.60E-01  1.00E+00  8.5408E-03 -1.2012E+00  8.885E+00  1.165E-07 -7.382E+00  0.000E+00  1.221  0.000E+00 -1.255E-18  1.175E+00  6.170E+00  1.000E+00
  4.67E-01 -1.00E+00  8.6646E-03 -1.2012E+00 -5.660E+00 -2.887E-07 -7.382E+00  0.000E+00  1.224  0.000E+00  1.250E-18  1.175E+00 -6.181E+00  1.000E+00
  4.73E-01 -1.00E+00  8.7884E-03 -1.2012E+00 -3.183E+01  2.574E-08 -7.382E+00  0.000E+00  1.227  0.000E+00  5.074E-18  1.175E+00  6.081E+00  1.000E+00
  4.80E-01  1.00E+00  8.9122E-03 -1.2011E+00  8.465E+00  6.219E-07 -7.382E+00  0.000E+00  1.230  0.000E+00 -4.344E-18  1.175E+00 -6.110E+00  1.000E+00
  4.87E-01  1.00E+00  9.0359E-03 -1.2011E+00  1.092E+01 -1.406E-07 -7.382E+00  0.000E+00  1.233  0.000E+00 -1.134E-17  1.175E+00  5.999E+00  1.000E+00
  4.93E-01  1.00E+00  9.1597E-03 -1.2011E+00  1.829E+01 -6.777E-07 -7.382E+00  0.000E+00  1.235  0.000E+00  5.549E-19  1.175E+00 -5.949E+00  1.000E+00
  5.00E-01 -1.00E+00  9.2835E-03 -1.2011E+00 -8.577E+00  7.129E-07 -7.382E+00  0.000E+00  1.238  0.000E+00  4.261E-20  1.175E+00  5.899E+00  1.000E+00
  5.07E-01  1.00E+00  9.4073E-03 -1.2011E+00  1.419E+00 -6.984E-07 -7.382E+00  0.000E+00  1.241  0.000E+00 -1.678E-19  1.175E+00 -5.924E+00  1.000E+00
  5.13E-01  1.00E+00  9.5311E-03 -1.2011E+00  3.184E+00 -3.680E-08 -7.382E+00  0.000E+00  1.244  0.000E+00  1.052E-17  1.175E+00  5.611E+00  1.000E+00
  5.20E-01  1.00E+00  9.6548E-03 -1.2011E+00  1.714E+01  3.273E-07 -7.382E+00  0.000E+00  1.247  0.000E+00  6.300E-18  1.175E+00 -5.651E+00  1.000E+00
  5.27E-01 -1.00E+00  9.7786E-03 -1.2011E+00 -2.452E+01 -2.154E-07 -7.382E+00  0.000E+00  1.250  0.000E+00  4.673E-18  1.175E+00  5.719E+00  1.000E+00
  5.33E-01 -1.00E+00  9.9024E-03 -1.2010E+00 -1.393E+01  8.592E-07 -7.382E+00  0.000E+00  1.253  0.000E+00 -4.691E-18  1.175E+00 -5.473E+00  1.000E+00
  5.40E-01 -1.00E+00  1.0026E-02 -1.2010E+00 -5.009E+00 -6.532E-07 -7.382E+00  0.000E+00  1.256  0.000E+00 -7.686E-18  1.175E+00  5.413E+00  1.000E+00
  5.47E-01  1.00E+00  1.0150E-02 -1.2010E+00  6.859E+00  9.385E-07 -7.382E+00  0.000E+00  1.259  0.000E+00 -1.183E-17  1.175E+00 -5.456E+00  1.000E+00
  5.53E-01 -1.00E+00  1.0274E-02 -1.2010E+00 -1.770E+01 -2.265E-06 -7.382E+00  0.000E+00  1.262  0.000E+00  7.462E-18  1.175E+00  5.388E+00  1.000E+00
  5.60E-01 -1.00E+00  1.0398E-02 -1.2010E+00 -1.187E+01  1.814E-06 -7.382E+00  0.000E+00  1.265  0.000E+00  1.402E-17  1.175E+00 -5.341E+00  1.000E+00
  5.67E-01 -1.00E+00  1.0521E-02 -1.2010E+00 -1.434E+01 -1.244E-07 -7.382E+00  0.000E+00  1.267  0.000E+00 -1.055E-17  1.175E+00  5.189E+00  1.000E+00
  5.73E-01 -1.00E+00  1.0645E-02 -1.2009E+00 -5.841E+00 -8.856E-08 -7.382E+00  0.000E+00  1.270  0.000E+00 -7.451E-18  1.175E+00 -5.287E+00  1.000E+00
  5.80E-01 -1.00E+00  1.0769E-02 -1.2009E+00 -2.647E+01 -1.726E-07 -7.382E+00  0.000E+00  1.273  0.000E+00 -3.653E-18  1.175E+00  5.202E+00  1.000E+00
  5.87E-01 -1.00E+00  1.0893E-02 -1.2009E+00 -2.110E+01  3.765E-07 -7.382E+00  0.000E+00  1.276  0.000E+00 -6.618E-18  1.175E+00 -5.086E+00  1.000E+00
  5.93E-01 -1.00E+00  1.1016E-02 -1.2009E+00 -2.931E+01 -1.478E-06 -7.382E+00  0.000E+00  1.279  0.000E+00  9.394E-18  1.175E+00  5.025E+00  1.000E+00
  6.00E-01 -1.00E+00  1.1140E-02 -1.2009E+00 -1.785E+01  5.825E-07 -7.382E+00  0.000E+00  1.282  0.000E+00  2.241E-17  1.175E+00 -4.954E+00  1.000E+00
  6.07E-01 -1.00E+00  1.1264E-02 -1.2009E+00 -4.059E+01  1.458E-06 -7.382E+00  0.000E+00  1.285  0.000E+00 -7.259E-18  1.175E+00  5.002E+00  1.000E+00
  6.13E-01 -1.00E+00  1.1388E-02 -1.2008E+00 -3.945E+01 -7.614E-07 -7.382E+00  0.000E+00  1.287  0.000E+00 -1.739E-17  1.175E+00 -4.898E+00  1.000E+00
  6.20E-01 -1.00E+00  1.1512E-02 -1.2008E+00 -4.646E+01  7.253E-08 -7.382E+00  0.000E+00  1.290  0.000E+00 -7.367E-18  1.175E+00  4.800E+00  1.000E+00
  6.27E-01 -1.00E+00  1.1635E-02 -1.2008E+00 -3.604E+01 -6.294E-08 -7.382E+00  0.000E+00  1.293  0.000E+00 -7.507E-18  1.175E+00 -4.796E+00  1.000E+00
  6.33E-01 -1.00E+00  1.1759E-02 -1.2008E+00 -6.089E+01  1.203E-06 -7.382E+00  0.000E+00  1.296  0.000E+00 -2.408E-17  1.175E+00  4.811E+00  1.000E+00
  6.40E-01 -1.00E+00  1.1883E-02 -1.2008E+00 -5.375E+01 -1.367E-06 -7.382E+00  0.000E+00  1.299  0.000E+00 -2.169E-17  1.175E+00 -4.657E+00  1.000E+00
  6.47E-01 -1.00E+00  1.2007E-02 -1.2007E+00 -6.926E+01 -4.292E-07 -7.382E+00  0.000E+00  1.302  0.000E+00  4.423E-18  1.175E+00  4.553E+00  1.000E+00
  6.53E-01 -1.00E+00  1.2130E-02 -1.2007E+00 -5.730E+01  9.481E-07 -7.382E+00  0.000E+00  1.304  0.000E+00 -3.123E-18  1.175E+00 -4.343E+00  1.000E+00
  6.60E-01 -1.00E+00  1.2254E-02 -1.2007E+00 -8.566E+01 -2.689E-07 -7.382E+00  0.000E+00  1.307  0.000E+00 -1.300E-17  1.175E+00  4.235E+00  1.000E+00
  6.67E-01 -1.00E+00  1.2378E-02 -1.2007E+00 -7.751E+01 -1.176E-06 -7.382E+00  0.000E+00  1.310  0.000E+00  8.013E-18  1.175E+00 -4.242E+00  1.000E+00
  6.73E-01 -1.00E+00  1.2502E-02 -1.2006E+00 -8.331E+01  1.161E-06 -7.382E+00  0.000E+00  1.313  0.000E+00  8.233E-18  1.175E+00  4.078E+00  1.000E+00
  6.80E-01 -1.00E+00  1.2626E-02 -1.2006E+00 -8.175E+01 -1.481E-06 -7.382E+00  0.000E+00  1.315  0.000E+00  1.288E-17  1.175E+00 -3.923E+00  1.000E+00
  6.87E-01 -1.00E+00  1.2749E-02 -1.2006E+00 -1.049E+02  7.850E-07 -7.382E+00  0.000E+00  1.318  0.000E+00  2.300E-17  1.175E+00  3.818E+00  1.000E+00
  6.93E-01 -1.00E+00  1.2873E-02 -1.2006E+00 -1.088E+02  2.623E-07 -7.383E+00  0.000E+00  1.321  0.000E+00  7.772E-18  1.175E+00 -3.809E+00  1.000E+00
  7.00E-01 -1.00E+00  1.2997E-02 -1.2005E+00 -1.053E+02  2.522E-07 -7.383E+00  0.000E+00  1.324  0.000E+00  2.896E-19  1.175E+00  3.637E+00  1.000E+00
  7.07E-01 -1.00E+00  1.3121E-02 -1.2005E+00 -1.008E+02  3.546E-07 -7.383E+00  0.000E+00  1.327  0.000E+00 -8.536E-18  1.175E+00 -3.599E+00  1.000E+00
  7.13E-01 -1.00E+00  1.3244E-02 -1.2005E+00 -1.172E+02 -8.118E-07 -7.383E+00  0.000E+00  1.329  0.000E+00 -1.887E-18  1.175E+00  3.346E+00  1.000E+00
  7.20E-01 -1.00E+00  1.3368E-02 -1.2005E+00 -1.298E+02  3.422E-07 -7.383E+00  0.000E+00  1.332  0.000E+00  4.943E-18  1.175E+00 -3.174E+00  1.000E+00
  7.27E-01 -1.00E+00  1.3492E-02 -1.2004E+00 -1.373E+02  2.152E-07 -7.383E+00  0.000E+00  1.335  0.000E+00 -3.164E-18  1.175E+00  3.046E+00  1.000E+00
  7.33E-01 -1.00E+00  1.3616E-02 -1.2004E+00 -1.534E+02  8.856E-07 -7.383E+00  0.000E+00  1.337  0.000E+00 -1.917E-17  1.175E+00 -2.919E+00  1.000E+00
  7.40E-01 -1.00E+00  1.3740E-02 -1.2004E+00 -1.494E+02 -2.607E-06 -7.383E+00  0.000E+00  1.340  0.000E+00  5.866E-18  1.175E+00  2.933E+00  1.000E+00
  7.47E-01 -1.00E+00  1.3863E-02 -1.2004E+00 -1.413E+02  1.927E-06 -7.383E+00  0.000E+00  1.343  0.000E+00  1.576E-17  1.175E+00 -2.800E+00  1.000E+00
  7.53E-01 -1.00E+00  1.3987E-02 -1.2003E+00 -1.575E+02 -6.800E-07 -7.383E+00  0.000E+00  1.346  0.000E+00 -2.374E-18  1.175E+00  2.853E+00  1.000E+00
  7.60E-01 -1.00E+00  1.4111E-02 -1.2003E+00 -1.554E+02  2.280E-07 -7.383E+00  0.000E+00  1.348  0.000E+00  4.200E-18  1.175E+00 -2.920E+00  1.000E+00
  7.67E-01 -1.00E+00  1.4235E-02 -1.2003E+00 -1.673E+02 -4.522E-07 -7.383E+00  0.000E+00  1.351  0.000E+00  7.460E-18  1.175E+00  3.107E+00  1.000E+00
  7.73E-01 -1.00E+00  1.4358E-02 -1.2003E+00 -1.604E+02  8.567E-07 -7.383E+00  0.000E+00  1.354  0.000E+00  1.577E-18  1.175E+00 -3.088E+00  1.000E+00
  7.80E-01 -1.00E+00  1.4482E-02 -1.2002E+00 -1.708E+02  3.874E-10 -7.383E+00  0.000E+00  1.356  0.000E+00 -1.089E-17  1.175E+00  3.030E+00  1.000E+00
  7.87E-01 -1.00E+00  1.4606E-02 -1.2002E+00 -1.729E+02  2.468E-07 -7.383E+00  0.000E+00  1.359  0.000E+00 -1.449E-17  1.175E+00 -2.676E+00  1.000E+00
  7.93E-01 -1.00E+00  1.4730E-02 -1.2002E+00 -1.979E+02 -6.534E-07 -7.383E+00  0.000E+00  1.362  0.000E+00 -8.571E-18  1.175E+00  2.504E+00  1.000E+00
  8.00E-01 -1.00E+00  1.4854E-02 -1.2001E+00 -1.890E+02 -1.285E-06 -7.383E+00  0.000E+00  1.364  0.000E+00  1.962E-17  1.175E+00 -2.374E+00  9.999E-01
  8.07E-01 -1.00E+00  1.4977E-02 -1.2001E+00 -1.951E+02  1.673E-06 -7.383E+00  0.000E+00  1.367  0.000E+00  1.398E-17  1.175E+00  2.372E+00  9.999E-01
  8.13E-01 -1.00E+00  1.5101E-02 -1.2001E+00 -1.901E+02  9.200E-08 -7.383E+00  0.000E+00  1.370  0.000E+00 -1.169E-17  1.175E+00 -2.109E+00  9.999E-01
  8.20E-01 -1.00E+00  1.5225E-02 -1.2001E+00 -2.002E+02  2.359E-07 -7.383E+00  0.000E+00  1.372  0.000E+00 -1.646E-17  1.175E+00  2.048E+00  9.999E-01
  8.27E-01 -1.00E+00  1.5349E-02 -1.2000E+00 -2.009E+02 -2.564E-07 -7.383E+00  0.000E+00  1.375  0.000E+00 -1.616E-17  1.175E+00 -1.972E+00  9.999E-01
  8.33E-01 -1.00E+00  1.5473E-02 -1.2000E+00 -2.182E+02 -4.183E-07 -7.384E+00  0.000E+00  1.378  0.000E+00 -6.348E-18  1.175E+00  1.701E+00  9.999E-01
  8.40E-01 -1.00E+00  1.5596E-02 -1.2000E+00 -2.112E+02 -1.672E-06 -7.384E+00  0.000E+00  1.380  0.000E+00  2.406E-17  1.175E+00 -1.544E+00  9.999E-01
  8.47E-01 -1.00E+00  1.5720E-02 -1.1999E+00 -2.159E+02  1.397E-06 -7.384E+00  0.000E+00  1.383  0.000E+00  2.806E-17  1.175E+00  1.703E+00  9.999E-01
  8.53E-01 -1.00E+00  1.5844E-02 -1.1999E+00 -2.173E+02  2.080E-07 -7.384E+00  0.000E+00  1.386  0.000E+00  4.707E-18  1.175E+00 -1.350E+00  9.999E-01
  8.60E-01 -1.00E+00  1.5968E-02 -1.1999E+00 -2.318E+02  2.254E-07 -7.384E+00  0.000E+00  1.388  0.000E+00 -1.596E-18  1.175E+00  1.195E+00  9.999E-01
  8.67E-01 -1.00E+00  1.6091E-02 -1.1999E+00 -2.215E+02  7.577E-07 -7.384E+00  0.000E+00  1.391  0.000E+00 -1.590E-17  1.175E+00 -1.187E+00  9.999E-01
  8.73E-01 -1.00E+00  1.6215E-02 -1.1998E+00 -2.274E+02 -8.608E-07 -7.384E+00  0.000E+00  1.393  0.000E+00 -1.440E-17  1.175E+00  1.395E+00  9.999E-01
  8.80E-01 -1.00E+00  1.6339E-02 -1.1998E+00 -2.392E+02  5.863E-07 -7.384E+00  0.000E+00  1.396  0.000E+00 -1.040E-17  1.175E+00 -1.274E+00  9.999E-01
  8.87E-01 -1.00E+00  1.6463E-02 -1.1998E+00 -2.457E+02 -6.355E-07 -7.384E+00  0.000E+00  1.399  0.000E+00 -9.689E-18  1.175E+00  1.192E+00  9.998E-01
  8.93E-01 -1.00E+00  1.6587E-02 -1.1997E+00 -2.326E+02 -2.019E-07 -7.384E+00  0.000E+00  1.401  0.000E+00  2.493E-18  1.175E+00 -1.190E+00  9.998E-01
  9.00E-01 -1.00E+00  1.6710E-02 -1.1997E+00 -2.411E+02  1.997E-06 -7.384E+00  0.000E+00  1.404  0.000E+00 -2.361E-17  1.175E+00  1.247E+00  9.998E-01
  9.07E-01 -1.00E+00  1.6834E-02 -1.1997E+00 -2.511E+02 -3.282E-07 -7.384E+00  0.000E+00  1.406  0.000E+00 -4.788E-17  1.175E+00 -9.583E-01  9.998E-01
  9.13E-01 -1.00E+00  1.6958E-02 -1.1996E+00 -2.427E+02 -1.464E-06 -7.384E+00  0.000E+00  1.409  0.000E+00 -2.182E-17  1.175E+00  9.277E-01  9.998E-01
  9.20E-01 -1.00E+00  1.7082E-02 -1.1996E+00 -2.387E+02 -1.849E-06 -7.384E+00  0.000E+00  1.412  0.000E+00  2.638E-17  1.175E+00 -9.828E-01  9.998E-01
  9.27E-01 -1.00E+00  1.7205E-02 -1.1996E+00 -2.507E+02  2.270E-06 -7.384E+00  0.000E+00  1.414  0.000E+00  2.027E-17  1.175E+00  9.268E-01  9.998E-01
  9.33E-01 -1.00E+00  1.7329E-02 -1.1995E+00 -2.491E+02 -1.173E-06 -7.385E+00  0.000E+00  1.417  0.000E+00  4.311E-18  1.175E+00 -7.278E-01  9.998E-01
  9.40E-01 -1.00E+00  1.7453E-02 -1.1995E+00 -2.425E+02  8.806E-07 -7.385E+00  0.000E+00  1.419  0.000E+00  8.563E-18  1.175E+00  9.422E-01  9.998E-01
  9.47E-01 -1.00E+00  1.7577E-02 -1.1995E+00 -2.581E+02 -2.685E-07 -7.385E+00  0.000E+00  1.422  0.000E+00 -3.422E-19  1.175E+00 -7.467E-01  9.998E-01
  9.53E-01 -1.00E+00  1.7701E-02 -1.1994E+00 -2.554E+02 -1.099E-06 -7.385E+00  0.000E+00  1.424  0.000E+00  1.955E-17  1.175E+00  4.299E-01  9.997E-01
  9.60E-01 -1.00E+00  1.7824E-02 -1.1994E+00 -2.445E+02  1.203E-06 -7.385E+00  0.000E+00  1.427  0.000E+00  1.805E-17  1.175E+00 -8.694E-02  9.997E-01
  9.67E-01 -1.00E+00  1.7948E-02 -1.1994E+00 -2.604E+02 -7.197E-07 -7.385E+00  0.000E+00  1.429  0.000E+00  1.102E-17  1.175E+00  2.845E-01  9.997E-01
  9.73E-01 -1.00E+00  1.8072E-02 -1.1993E+00 -2.571E+02  5.725E-07 -7.385E+00  0.000E+00  1.432  0.000E+00  1.316E-17  1.175E+00 -2.162E-01  9.997E-01
  9.80E-01 -1.00E+00  1.8196E-02 -1.1993E+00 -2.349E+02  3.880E-07 -7.385E+00  0.000E+00  1.434  0.000E+00 -8.122E-19  1.175E+00  3.410E-01  9.997E-01
  9.87E-01 -1.00E+00  1.8319E-02 -1.1993E+00 -2.323E+02 -8.929E-07 -7.385E+00  0.000E+00  1.437  0.000E+00  6.535E-18  1.175E+00 -1.122E-01  9.997E-01
  9.93E-01 -1.00E+00  1.8443E-02 -1.1992E+00 -2.001E+02  6.031E-08 -7.385E+00  0.000E+00  1.439  0.000E+00  1.865E-17  1.175E+00  2.156E-01  9.997E-01
  1.00E+00 -1.00E+00  1.8567E-02 -1.1992E+00 -1.678E+02  1.014E-06 -7.385E+00  0.000E+00  1.442  0.000E+00  1.689E-17  1.175E+00  5.434E-01  9.997E-01

 Magnetic field modulation (averaged over toroidal angle)
 -----------------------------------------------------------------------
 BMIN(u=0)             =       0.948924
 BMAX(u=0)             =       1.053112
 BMIN(u=pi)            =       0.953300
 BMAX(u=pi)            =       1.055831


 Geometric and Magnetic Quantities
 -----------------------------------------------------------------------
 Aspect Ratio          =      12.000004
 Mean Elongation       =       9.310527
 Plasma Volume         =       0.137078 [M**3]
 Cross Sectional Area  =       0.021817 [M**2]
 Normal Surface Area   =       6.524194 [M**2]
 Poloidal Circumference=       0.955613 [M]
 Major Radius          =       1.000000 [M] (from Volume and Cross Section)
 Minor Radius          =       0.083333 [M] (from Cross Section)
 Minimum (inboard)  R  =       0.642992 [M]
 Maximum (outboard) R  =       1.285512 [M]
 Maximum height     Z  =       0.319818 [M]
 Waist (v = 0)   in R  =       0.047234 [M]
 Full Height(v = 0)    =       0.557786 [M]
 Waist (v = pi)  in R  =       0.366062 [M]
 Full Height(v = pi)   =       0.073583 [M]
 Toroidal Flux         =       0.018567 [Wb]
 Toroidal Current      =      -0.000000 [MA]
 RBtor(s=1)            =       1.175018 [T-m]
 RBtor(s=0)            =       1.175017 [T-m]
 Volume Average B      =       1.000000 [T]
 Ion Larmor Radius     =       0.003200 [M] X Ti(keV)**0.5
 <J||**2>/<J-perp**2>  = ************** (Vol. Averaged)
 <JPS**2>/<J-perp**2>  = ************** (Vol. Averaged)


-----------------------------------------------------------------------
 MORE GEOMETRIC AND PHYSICS QUANTITIES
-----------------------------------------------------------------------
 Toroidal Plane: Phi = 0
     j   psi-psiaxis         a [M]   ellipticity   indentation       d-shape    rel. shift      <J||**2>/    <JPS**2>/
                                                                                               <J-perp**2>   <J-perp**2>
 -----  ------------  ------------  ------------  ------------  ------------  ------------  ------------  ------------
     2      -0.00015       0.00193      12.18673       0.00000       0.18036      -0.00078      4.53E+29      4.53E+29
     3      -0.00030       0.00273      12.19992       0.00000       0.23386      -0.00099      9.49E+27      9.49E+27
     4      -0.00045       0.00334      12.20872       0.00000       0.27519      -0.00114      1.16E+27      1.16E+27
     5      -0.00059       0.00386      12.18174       0.00271       0.30923      -0.00125      2.70E+26      2.70E+26
     6      -0.00074       0.00431      12.09124       0.01048       0.33728      -0.00133      8.88E+25      8.88E+25
     7      -0.00089       0.00473      11.96796       0.02083       0.36103      -0.00140      3.63E+25      3.63E+25
     8      -0.00104       0.00510      11.82186       0.03296       0.38135      -0.00146      1.73E+25      1.73E+25
     9      -0.00119       0.00546      11.65919       0.04640       0.39881      -0.00151      9.29E+24      9.29E+24
    10      -0.00134       0.00579      11.50904       0.05878       0.41475      -0.00155      5.50E+24      5.50E+24
    11      -0.00148       0.00610      11.36936       0.07027       0.42942      -0.00159      3.55E+24      3.55E+24
    12      -0.00163       0.00640      11.23017       0.08170       0.44268      -0.00163      2.47E+24      2.47E+24
    13      -0.00178       0.00668      11.06900       0.09492       0.45377      -0.00166      1.85E+24      1.85E+24
    14      -0.00193       0.00695      10.91791       0.10730       0.46409      -0.00169      1.47E+24      1.47E+24
    15      -0.00208       0.00722      10.77565       0.11895       0.47372      -0.00172      1.24E+24      1.24E+24
    16      -0.00223       0.00747      10.64117       0.12996       0.48275      -0.00175      1.09E+24      1.09E+24
    17      -0.00238       0.00771      10.51363       0.14038       0.49124      -0.00177      1.00E+24      1.00E+24
    18      -0.00252       0.00795      10.39231       0.15029       0.49925      -0.00180      9.42E+23      9.42E+23
    19      -0.00267       0.00818      10.27661       0.15974       0.50683      -0.00182      9.05E+23      9.05E+23
    20      -0.00282       0.00841      10.16601       0.16876       0.51401      -0.00185      8.82E+23      8.82E+23
    21      -0.00297       0.00862      10.06005       0.17739       0.52083      -0.00187      8.67E+23      8.67E+23
    22      -0.00312       0.00884       9.95836       0.18567       0.52733      -0.00189      8.57E+23      8.57E+23
    23      -0.00327       0.00904       9.86059       0.19362       0.53352      -0.00191      8.50E+23      8.50E+23
    24      -0.00342       0.00925       9.76646       0.20126       0.53943      -0.00193      8.45E+23      8.45E+23
    25      -0.00357       0.00945       9.67568       0.20863       0.54509      -0.00194      8.40E+23      8.40E+23
    26      -0.00371       0.00964       9.58804       0.21573       0.55050      -0.00196      8.35E+23      8.35E+23
    27      -0.00386       0.00983       9.50331       0.22259       0.55570      -0.00198      8.29E+23      8.29E+23
    28      -0.00401       0.01002       9.42132       0.22922       0.56069      -0.00199      8.24E+23      8.24E+23
    29      -0.00416       0.01020       9.34189       0.23564       0.56549      -0.00201      8.18E+23      8.18E+23
    30      -0.00431       0.01038       9.26458       0.24188       0.57008      -0.00202      8.11E+23      8.11E+23
    31      -0.00446       0.01056       9.18107       0.24863       0.57398      -0.00203      8.05E+23      8.05E+23
    32      -0.00461       0.01073       9.10024       0.25515       0.57774      -0.00204      7.98E+23      7.98E+23
    33      -0.00475       0.01090       9.02193       0.26146       0.58136      -0.00206      7.91E+23      7.91E+23
    34      -0.00490       0.01107       8.94599       0.26758       0.58486      -0.00207      7.85E+23      7.85E+23
    35      -0.00505       0.01124       8.87230       0.27351       0.58824      -0.00208      7.79E+23      7.79E+23
    36      -0.00520       0.01140       8.80073       0.27926       0.59151      -0.00209      7.74E+23      7.74E+23
    37      -0.00535       0.01156       8.73118       0.28485       0.59467      -0.00209      7.70E+23      7.70E+23
    38      -0.00550       0.01172       8.66353       0.29028       0.59773      -0.00210      7.67E+23      7.67E+23
    39      -0.00565       0.01188       8.59769       0.29556       0.60070      -0.00211      7.64E+23      7.64E+23
    40      -0.00579       0.01204       8.53358       0.30069       0.60357      -0.00212      7.64E+23      7.64E+23
    41      -0.00594       0.01219       8.47111       0.30569       0.60636      -0.00213      7.65E+23      7.65E+23
    42      -0.00609       0.01234       8.41020       0.31056       0.60907      -0.00214      7.66E+23      7.66E+23
    43      -0.00624       0.01249       8.35078       0.31531       0.61170      -0.00214      7.70E+23      7.70E+23
    44      -0.00639       0.01264       8.29279       0.31994       0.61426      -0.00215      7.76E+23      7.76E+23
    45      -0.00654       0.01278       8.23617       0.32445       0.61674      -0.00216      7.82E+23      7.82E+23
    46      -0.00669       0.01293       8.18085       0.32886       0.61916      -0.00216      7.91E+23      7.91E+23
    47      -0.00684       0.01307       8.12678       0.33316       0.62151      -0.00217      8.02E+23      8.02E+23
    48      -0.00698       0.01321       8.07391       0.33737       0.62380      -0.00218      8.14E+23      8.14E+23
    49      -0.00713       0.01335       8.02219       0.34148       0.62603      -0.00218      8.28E+23      8.28E+23
    50      -0.00728       0.01349       7.97158       0.34549       0.62821      -0.00219      8.43E+23      8.43E+23
    51      -0.00743       0.01362       7.92203       0.34943       0.63033      -0.00219      8.60E+23      8.60E+23
    52      -0.00758       0.01376       7.87350       0.35327       0.63239      -0.00220      8.78E+23      8.78E+23
    53      -0.00773       0.01389       7.82596       0.35703       0.63441      -0.00221      8.97E+23      8.97E+23
    54      -0.00788       0.01403       7.77937       0.36072       0.63638      -0.00221      9.17E+23      9.17E+23
    55      -0.00803       0.01416       7.73369       0.36433       0.63830      -0.00222      9.39E+23      9.39E+23
    56      -0.00817       0.01429       7.68890       0.36787       0.64017      -0.00222      9.62E+23      9.62E+23
    57      -0.00832       0.01442       7.64495       0.37133       0.64200      -0.00223      9.86E+23      9.86E+23
    58      -0.00847       0.01455       7.60183       0.37473       0.64379      -0.00223      1.01E+24      1.01E+24
    59      -0.00862       0.01467       7.55950       0.37807       0.64554      -0.00224      1.04E+24      1.04E+24
    60      -0.00877       0.01480       7.51795       0.38134       0.64725      -0.00224      1.06E+24      1.06E+24
    61      -0.00892       0.01492       7.47713       0.38455       0.64892      -0.00225      1.09E+24      1.09E+24
    62      -0.00907       0.01505       7.43704       0.38770       0.65056      -0.00225      1.12E+24      1.12E+24
    63      -0.00921       0.01517       7.39764       0.39079       0.65216      -0.00226      1.14E+24      1.14E+24
    64      -0.00936       0.01529       7.35891       0.39382       0.65373      -0.00226      1.17E+24      1.17E+24
    65      -0.00951       0.01541       7.32084       0.39681       0.65526      -0.00226      1.20E+24      1.20E+24
    66      -0.00966       0.01553       7.28341       0.39974       0.65676      -0.00227      1.23E+24      1.23E+24
    67      -0.00981       0.01565       7.24659       0.40262       0.65823      -0.00227      1.26E+24      1.26E+24
    68      -0.00996       0.01577       7.21036       0.40545       0.65968      -0.00228      1.29E+24      1.29E+24
    69      -0.01011       0.01589       7.17472       0.40823       0.66109      -0.00228      1.32E+24      1.32E+24
    70      -0.01026       0.01600       7.13964       0.41096       0.66247      -0.00229      1.35E+24      1.35E+24
    71      -0.01040       0.01612       7.10511       0.41366       0.66383      -0.00229      1.38E+24      1.38E+24
    72      -0.01055       0.01623       7.07111       0.41630       0.66516      -0.00229      1.41E+24      1.41E+24
    73      -0.01070       0.01635       7.03762       0.41891       0.66647      -0.00230      1.43E+24      1.43E+24
    74      -0.01085       0.01646       7.00464       0.42147       0.66775      -0.00230      1.45E+24      1.45E+24
    75      -0.01100       0.01657       6.97215       0.42399       0.66901      -0.00231      1.47E+24      1.47E+24
    76      -0.01115       0.01669       6.94013       0.42648       0.67024      -0.00231      1.50E+24      1.50E+24
    77      -0.01130       0.01680       6.90858       0.42892       0.67145      -0.00231      1.52E+24      1.52E+24
    78      -0.01144       0.01691       6.87748       0.43133       0.67264      -0.00232      1.54E+24      1.54E+24
    79      -0.01159       0.01702       6.84683       0.43370       0.67381      -0.00232      1.57E+24      1.57E+24
    80      -0.01174       0.01713       6.81660       0.43604       0.67496      -0.00232      1.60E+24      1.60E+24
    81      -0.01189       0.01723       6.78679       0.43834       0.67609      -0.00233      1.62E+24      1.62E+24
    82      -0.01204       0.01734       6.75738       0.44061       0.67720      -0.00233      1.63E+24      1.63E+24
    83      -0.01219       0.01745       6.72838       0.44285       0.67829      -0.00233      1.65E+24      1.65E+24
    84      -0.01234       0.01755       6.69976       0.44506       0.67936      -0.00234      1.66E+24      1.66E+24
    85      -0.01249       0.01766       6.67152       0.44723       0.68041      -0.00234      1.67E+24      1.67E+24
    86      -0.01263       0.01777       6.64365       0.44937       0.68144      -0.00234      1.69E+24      1.69E+24
    87      -0.01278       0.01787       6.61615       0.45149       0.68246      -0.00235      1.70E+24      1.70E+24
    88      -0.01293       0.01797       6.58900       0.45357       0.68346      -0.00235      1.71E+24      1.71E+24
    89      -0.01308       0.01808       6.56219       0.45563       0.68445      -0.00235      1.72E+24      1.72E+24
    90      -0.01323       0.01818       6.53572       0.45766       0.68542      -0.00235      1.73E+24      1.73E+24
    91      -0.01338       0.01828       6.50958       0.45966       0.68637      -0.00236      1.74E+24      1.74E+24
    92      -0.01353       0.01838       6.48376       0.46164       0.68731      -0.00236      1.75E+24      1.75E+24
    93      -0.01367       0.01848       6.45825       0.46359       0.68824      -0.00236      1.76E+24      1.76E+24
    94      -0.01382       0.01858       6.43306       0.46551       0.68915      -0.00236      1.76E+24      1.76E+24
    95      -0.01397       0.01868       6.40816       0.46741       0.69005      -0.00237      1.77E+24      1.77E+24
    96      -0.01412       0.01878       6.38356       0.46929       0.69093      -0.00237      1.78E+24      1.78E+24
    97      -0.01427       0.01888       6.35926       0.47114       0.69180      -0.00237      1.78E+24      1.78E+24
    98      -0.01442       0.01898       6.33523       0.47297       0.69266      -0.00237      1.78E+24      1.78E+24
    99      -0.01457       0.01908       6.31148       0.47478       0.69350      -0.00238      1.79E+24      1.79E+24
   100      -0.01472       0.01917       6.28800       0.47657       0.69434      -0.00238      1.79E+24      1.79E+24
   101      -0.01486       0.01927       6.26479       0.47833       0.69516      -0.00238      1.79E+24      1.79E+24
   102      -0.01501       0.01937       6.24184       0.48008       0.69597      -0.00238      1.78E+24      1.78E+24
   103      -0.01516       0.01946       6.21914       0.48180       0.69677      -0.00238      1.78E+24      1.78E+24
   104      -0.01531       0.01956       6.19669       0.48350       0.69756      -0.00239      1.79E+24      1.79E+24
   105      -0.01546       0.01965       6.17449       0.48518       0.69833      -0.00239      1.79E+24      1.79E+24
   106      -0.01561       0.01975       6.15253       0.48685       0.69910      -0.00239      1.79E+24      1.79E+24
   107      -0.01576       0.01984       6.13081       0.48849       0.69986      -0.00239      1.80E+24      1.80E+24
   108      -0.01590       0.01994       6.10932       0.49012       0.70060      -0.00239      1.80E+24      1.80E+24
   109      -0.01605       0.02003       6.08806       0.49172       0.70134      -0.00239      1.80E+24      1.80E+24
   110      -0.01620       0.02012       6.06702       0.49331       0.70207      -0.00239      1.84E+24      1.84E+24
   111      -0.01635       0.02021       6.04619       0.49488       0.70278      -0.00240      1.92E+24      1.92E+24
   112      -0.01650       0.02031       6.02559       0.49644       0.70349      -0.00240      1.89E+24      1.89E+24
   113      -0.01665       0.02040       6.00520       0.49798       0.70419      -0.00240      1.82E+24      1.82E+24
   114      -0.01680       0.02049       5.98501       0.49950       0.70488      -0.00240      1.78E+24      1.78E+24
   115      -0.01694       0.02058       5.96503       0.50100       0.70556      -0.00240      1.77E+24      1.77E+24
   116      -0.01709       0.02067       5.94525       0.50249       0.70624      -0.00240      1.76E+24      1.76E+24
   117      -0.01724       0.02076       5.92567       0.50396       0.70690      -0.00240      1.74E+24      1.74E+24
   118      -0.01739       0.02085       5.90628       0.50542       0.70756      -0.00240      1.73E+24      1.73E+24
   119      -0.01754       0.02094       5.88708       0.50686       0.70821      -0.00240      1.73E+24      1.73E+24
   120      -0.01769       0.02103       5.86807       0.50829       0.70885      -0.00240      1.74E+24      1.74E+24
   121      -0.01784       0.02112       5.84924       0.50970       0.70948      -0.00240      1.72E+24      1.72E+24
   122      -0.01798       0.02120       5.83059       0.51110       0.71011      -0.00240      1.69E+24      1.69E+24
   123      -0.01813       0.02129       5.81212       0.51249       0.71073      -0.00241      1.68E+24      1.68E+24
   124      -0.01828       0.02138       5.79383       0.51386       0.71134      -0.00241      1.67E+24      1.67E+24
   125      -0.01843       0.02147       5.77571       0.51521       0.71195      -0.00241      1.66E+24      1.66E+24
   126      -0.01858       0.02155       5.75777       0.51656       0.71254      -0.00241      1.64E+24      1.64E+24
   127      -0.01873       0.02164       5.73999       0.51789       0.71313      -0.00241      1.62E+24      1.62E+24
   128      -0.01888       0.02173       5.72237       0.51920       0.71372      -0.00241      1.60E+24      1.60E+24
   129      -0.01902       0.02181       5.70492       0.52051       0.71430      -0.00241      1.59E+24      1.59E+24
   130      -0.01917       0.02190       5.68763       0.52180       0.71487      -0.00241      1.58E+24      1.58E+24
   131      -0.01932       0.02198       5.67049       0.52308       0.71543      -0.00241      1.58E+24      1.58E+24
   132      -0.01947       0.02207       5.65351       0.52434       0.71599      -0.00241      1.56E+24      1.56E+24
   133      -0.01962       0.02215       5.63669       0.52560       0.71654      -0.00241      1.55E+24      1.55E+24
   134      -0.01977       0.02223       5.62002       0.52684       0.71709      -0.00241      1.54E+24      1.54E+24
   135      -0.01991       0.02232       5.60349       0.52807       0.71763      -0.00241      1.54E+24      1.54E+24
   136      -0.02006       0.02240       5.58712       0.52929       0.71816      -0.00241      1.53E+24      1.53E+24
   137      -0.02021       0.02248       5.57088       0.53050       0.71869      -0.00241      1.53E+24      1.53E+24
   138      -0.02036       0.02257       5.55480       0.53169       0.71921      -0.00240      1.52E+24      1.52E+24
   139      -0.02051       0.02265       5.53885       0.53288       0.71973      -0.00240      1.51E+24      1.51E+24
   140      -0.02066       0.02273       5.52305       0.53405       0.72024      -0.00240      1.50E+24      1.50E+24
   141      -0.02081       0.02281       5.50738       0.53522       0.72075      -0.00240      1.49E+24      1.49E+24
   142      -0.02095       0.02290       5.49185       0.53637       0.72124      -0.00240      1.47E+24      1.47E+24
   143      -0.02110       0.02298       5.47645       0.53751       0.72174      -0.00240      1.46E+24      1.46E+24
   144      -0.02125       0.02306       5.46119       0.53864       0.72223      -0.00240      1.44E+24      1.44E+24
   145      -0.02140       0.02314       5.44606       0.53976       0.72271      -0.00240      1.40E+24      1.40E+24
   146      -0.02155       0.02322       5.43106       0.54087       0.72319      -0.00240      1.36E+24      1.36E+24
   147      -0.02170       0.02330       5.41619       0.54197       0.72366      -0.00240      1.28E+24      1.28E+24
   148      -0.02185       0.02338       5.40144       0.54307       0.72412      -0.00240      1.17E+24      1.17E+24
   149      -0.02199       0.02346       5.38682       0.54415       0.72459      -0.00240      9.89E+23      9.89E+23
   150      -0.02214       0.02354       5.37233       0.54522       0.72504      -0.00240      7.66E+23      7.66E+23
   151      -0.02229       0.02362       5.35796       0.54628       0.72549      -0.00240      0.00E+00      0.00E+00

-----------------------------------------------------------------------
 Toroidal Plane: Phi = 180/Nfp
-----------------------------------------------------------------------

     2      -0.00015       0.01474       0.19891       0.00000       0.05469      -0.00117
     3      -0.00030       0.02085       0.19895       0.00000       0.05568      -0.00182
     4      -0.00045       0.02554       0.19896       0.00000       0.05647      -0.00240
     5      -0.00059       0.02950       0.19896       0.00000       0.05712      -0.00290
     6      -0.00074       0.03299       0.19897       0.00000       0.05770      -0.00334
     7      -0.00089       0.03615       0.19897       0.00000       0.05823      -0.00375
     8      -0.00104       0.03906       0.19898       0.00000       0.05871      -0.00411
     9      -0.00119       0.04176       0.19898       0.00000       0.05916      -0.00445
    10      -0.00134       0.04430       0.19899       0.00000       0.05958      -0.00476
    11      -0.00148       0.04671       0.19900       0.00000       0.05997      -0.00505
    12      -0.00163       0.04900       0.19901       0.00000       0.06035      -0.00533
    13      -0.00178       0.05118       0.19903       0.00000       0.06071      -0.00560
    14      -0.00193       0.05328       0.19904       0.00000       0.06106      -0.00586
    15      -0.00208       0.05531       0.19905       0.00000       0.06139      -0.00611
    16      -0.00223       0.05726       0.19906       0.00000       0.06171      -0.00635
    17      -0.00238       0.05914       0.19907       0.00000       0.06202      -0.00658
    18      -0.00252       0.06097       0.19908       0.00000       0.06232      -0.00680
    19      -0.00267       0.06275       0.19909       0.00000       0.06261      -0.00702
    20      -0.00282       0.06448       0.19911       0.00000       0.06290      -0.00723
    21      -0.00297       0.06617       0.19912       0.00000       0.06317      -0.00744
    22      -0.00312       0.06781       0.19913       0.00000       0.06344      -0.00764
    23      -0.00327       0.06942       0.19914       0.00000       0.06371      -0.00784
    24      -0.00342       0.07099       0.19916       0.00000       0.06396      -0.00803
    25      -0.00357       0.07253       0.19917       0.00000       0.06422      -0.00822
    26      -0.00371       0.07403       0.19918       0.00000       0.06446      -0.00840
    27      -0.00386       0.07551       0.19919       0.00000       0.06470      -0.00859
    28      -0.00401       0.07696       0.19920       0.00000       0.06494      -0.00876
    29      -0.00416       0.07838       0.19922       0.00000       0.06517      -0.00894
    30      -0.00431       0.07978       0.19923       0.00000       0.06540      -0.00911
    31      -0.00446       0.08115       0.19924       0.00000       0.06562      -0.00928
    32      -0.00461       0.08250       0.19925       0.00000       0.06585      -0.00945
    33      -0.00475       0.08384       0.19927       0.00000       0.06606      -0.00962
    34      -0.00490       0.08515       0.19928       0.00000       0.06628      -0.00978
    35      -0.00505       0.08644       0.19929       0.00000       0.06649      -0.00994
    36      -0.00520       0.08771       0.19930       0.00000       0.06669      -0.01010
    37      -0.00535       0.08896       0.19932       0.00000       0.06690      -0.01026
    38      -0.00550       0.09020       0.19933       0.00000       0.06710      -0.01041
    39      -0.00565       0.09142       0.19934       0.00000       0.06730      -0.01057
    40      -0.00579       0.09263       0.19936       0.00000       0.06750      -0.01072
    41      -0.00594       0.09382       0.19937       0.00000       0.06769      -0.01087
    42      -0.00609       0.09499       0.19938       0.00000       0.06788      -0.01102
    43      -0.00624       0.09615       0.19939       0.00000       0.06807      -0.01117
    44      -0.00639       0.09730       0.19941       0.00000       0.06826      -0.01132
    45      -0.00654       0.09844       0.19942       0.00000       0.06845      -0.01146
    46      -0.00669       0.09956       0.19943       0.00000       0.06863      -0.01161
    47      -0.00684       0.10067       0.19944       0.00000       0.06881      -0.01175
    48      -0.00698       0.10177       0.19946       0.00000       0.06899      -0.01189
    49      -0.00713       0.10286       0.19947       0.00000       0.06917      -0.01204
    50      -0.00728       0.10393       0.19948       0.00000       0.06934      -0.01218
    51      -0.00743       0.10500       0.19950       0.00000       0.06952      -0.01232
    52      -0.00758       0.10605       0.19951       0.00000       0.06969      -0.01246
    53      -0.00773       0.10710       0.19952       0.00000       0.06986      -0.01259
    54      -0.00788       0.10813       0.19953       0.00000       0.07003      -0.01273
    55      -0.00803       0.10916       0.19955       0.00000       0.07020      -0.01287
    56      -0.00817       0.11017       0.19956       0.00000       0.07036      -0.01300
    57      -0.00832       0.11118       0.19957       0.00000       0.07053      -0.01314
    58      -0.00847       0.11218       0.19959       0.00000       0.07069      -0.01327
    59      -0.00862       0.11317       0.19960       0.00000       0.07085      -0.01340
    60      -0.00877       0.11415       0.19961       0.00000       0.07101      -0.01353
    61      -0.00892       0.11512       0.19963       0.00000       0.07117      -0.01366
    62      -0.00907       0.11609       0.19964       0.00000       0.07133      -0.01380
    63      -0.00921       0.11705       0.19965       0.00000       0.07149      -0.01393
    64      -0.00936       0.11800       0.19966       0.00000       0.07164      -0.01405
    65      -0.00951       0.11894       0.19968       0.00000       0.07180      -0.01418
    66      -0.00966       0.11987       0.19969       0.00000       0.07195      -0.01431
    67      -0.00981       0.12080       0.19970       0.00000       0.07210      -0.01444
    68      -0.00996       0.12172       0.19972       0.00000       0.07225      -0.01456
    69      -0.01011       0.12264       0.19973       0.00000       0.07240      -0.01469
    70      -0.01026       0.12355       0.19974       0.00000       0.07255      -0.01481
    71      -0.01040       0.12445       0.19976       0.00000       0.07269      -0.01494
    72      -0.01055       0.12535       0.19977       0.00000       0.07284      -0.01506
    73      -0.01070       0.12623       0.19978       0.00000       0.07299      -0.01518
    74      -0.01085       0.12712       0.19980       0.00000       0.07313      -0.01531
    75      -0.01100       0.12800       0.19981       0.00000       0.07327      -0.01543
    76      -0.01115       0.12887       0.19982       0.00000       0.07341      -0.01555
    77      -0.01130       0.12973       0.19984       0.00000       0.07356      -0.01567
    78      -0.01144       0.13059       0.19985       0.00000       0.07370      -0.01579
    79      -0.01159       0.13145       0.19987       0.00000       0.07383      -0.01591
    80      -0.01174       0.13230       0.19988       0.00000       0.07397      -0.01603
    81      -0.01189       0.13314       0.19989       0.00000       0.07411      -0.01614
    82      -0.01204       0.13398       0.19991       0.00000       0.07425      -0.01626
    83      -0.01219       0.13482       0.19992       0.00000       0.07438      -0.01638
    84      -0.01234       0.13565       0.19993       0.00000       0.07452      -0.01649
    85      -0.01249       0.13647       0.19995       0.00000       0.07465      -0.01661
    86      -0.01263       0.13729       0.19996       0.00000       0.07478      -0.01672
    87      -0.01278       0.13810       0.19998       0.00000       0.07491      -0.01684
    88      -0.01293       0.13891       0.19999       0.00000       0.07505      -0.01695
    89      -0.01308       0.13972       0.20001       0.00000       0.07518      -0.01706
    90      -0.01323       0.14052       0.20002       0.00000       0.07531      -0.01718
    91      -0.01338       0.14132       0.20003       0.00000       0.07543      -0.01729
    92      -0.01353       0.14211       0.20005       0.00000       0.07556      -0.01740
    93      -0.01367       0.14290       0.20006       0.00000       0.07569      -0.01751
    94      -0.01382       0.14368       0.20008       0.00000       0.07582      -0.01762
    95      -0.01397       0.14446       0.20009       0.00000       0.07594      -0.01773
    96      -0.01412       0.14524       0.20011       0.00000       0.07607      -0.01784
    97      -0.01427       0.14601       0.20012       0.00000       0.07619      -0.01794
    98      -0.01442       0.14678       0.20014       0.00000       0.07631      -0.01805
    99      -0.01457       0.14754       0.20015       0.00000       0.07644      -0.01816
   100      -0.01472       0.14830       0.20017       0.00000       0.07656      -0.01826
   101      -0.01486       0.14906       0.20018       0.00000       0.07668      -0.01837
   102      -0.01501       0.14981       0.20020       0.00000       0.07680      -0.01847
   103      -0.01516       0.15056       0.20021       0.00000       0.07692      -0.01858
   104      -0.01531       0.15130       0.20023       0.00000       0.07704      -0.01868
   105      -0.01546       0.15204       0.20025       0.00000       0.07716      -0.01879
   106      -0.01561       0.15278       0.20026       0.00000       0.07728      -0.01889
   107      -0.01576       0.15352       0.20028       0.00000       0.07740      -0.01899
   108      -0.01590       0.15425       0.20029       0.00000       0.07751      -0.01909
   109      -0.01605       0.15498       0.20031       0.00000       0.07763      -0.01919
   110      -0.01620       0.15570       0.20032       0.00000       0.07774      -0.01929
   111      -0.01635       0.15642       0.20034       0.00000       0.07786      -0.01939
   112      -0.01650       0.15714       0.20036       0.00000       0.07797      -0.01949
   113      -0.01665       0.15785       0.20037       0.00000       0.07809      -0.01959
   114      -0.01680       0.15857       0.20039       0.00000       0.07820      -0.01969
   115      -0.01694       0.15928       0.20040       0.00000       0.07831      -0.01979
   116      -0.01709       0.15998       0.20042       0.00000       0.07842      -0.01989
   117      -0.01724       0.16068       0.20044       0.00000       0.07854      -0.01998
   118      -0.01739       0.16138       0.20045       0.00000       0.07865      -0.02008
   119      -0.01754       0.16208       0.20047       0.00000       0.07876      -0.02017
   120      -0.01769       0.16277       0.20049       0.00000       0.07887      -0.02027
   121      -0.01784       0.16347       0.20050       0.00000       0.07898      -0.02036
   122      -0.01798       0.16415       0.20052       0.00000       0.07908      -0.02046
   123      -0.01813       0.16484       0.20054       0.00000       0.07919      -0.02055
   124      -0.01828       0.16552       0.20055       0.00000       0.07930      -0.02064
   125      -0.01843       0.16620       0.20057       0.00000       0.07941      -0.02074
   126      -0.01858       0.16688       0.20059       0.00000       0.07951      -0.02083
   127      -0.01873       0.16755       0.20060       0.00000       0.07962      -0.02092
   128      -0.01888       0.16823       0.20062       0.00000       0.07972      -0.02101
   129      -0.01902       0.16890       0.20064       0.00000       0.07983      -0.02110
   130      -0.01917       0.16956       0.20065       0.00000       0.07993      -0.02119
   131      -0.01932       0.17023       0.20067       0.00000       0.08004      -0.02128
   132      -0.01947       0.17089       0.20069       0.00000       0.08014      -0.02137
   133      -0.01962       0.17155       0.20070       0.00000       0.08024      -0.02146
   134      -0.01977       0.17221       0.20072       0.00000       0.08035      -0.02155
   135      -0.01991       0.17286       0.20074       0.00000       0.08045      -0.02164
   136      -0.02006       0.17351       0.20075       0.00000       0.08055      -0.02173
   137      -0.02021       0.17416       0.20077       0.00000       0.08065      -0.02181
   138      -0.02036       0.17481       0.20079       0.00000       0.08075      -0.02190
   139      -0.02051       0.17546       0.20081       0.00000       0.08085      -0.02199
   140      -0.02066       0.17610       0.20082       0.00000       0.08095      -0.02207
   141      -0.02081       0.17674       0.20084       0.00000       0.08105      -0.02216
   142      -0.02095       0.17738       0.20086       0.00000       0.08115      -0.02224
   143      -0.02110       0.17801       0.20087       0.00000       0.08125      -0.02233
   144      -0.02125       0.17865       0.20089       0.00000       0.08134      -0.02241
   145      -0.02140       0.17928       0.20091       0.00000       0.08144      -0.02250
   146      -0.02155       0.17991       0.20093       0.00000       0.08154      -0.02258
   147      -0.02170       0.18054       0.20094       0.00000       0.08164      -0.02267
   148      -0.02185       0.18117       0.20096       0.00000       0.08173      -0.02275
   149      -0.02199       0.18179       0.20098       0.00000       0.08183      -0.02283
   150      -0.02214       0.18241       0.20099       0.00000       0.08192      -0.02291
   151      -0.02229       0.18303       0.20101       0.00000       0.08202      -0.02300


 Magnetic Fields and Pressure
 -----------------------------------------------------------------------
 Volume Integrals (Joules) and Volume Averages (Pascals)
                        Integral      Average
 pressure         =   0.000000E+00  0.000000E+00
 bpol**2 /(2 mu0) =   1.476394E+04  1.077049E+05
 btor**2/(2 mu0)  =   3.977748E+04  2.901821E+05
 b**2/(2 mu0)     =   5.454141E+04  3.978870E+05
 EKIN (3/2p)      =   0.000000E+00  0.000000E+00


 MAGNETIC AXIS COEFFICIENTS
    n     rmag       zmag        rmag        zmag
        (cos nv)   (sin nv)    (sin nv)    (cos nv)

    0  1.0065E+00  0.0000E+00
    1  2.1796E-01 -1.7300E-01
    2  3.2754E-02 -3.0013E-02
    3  3.9577E-03 -4.6432E-03
    4  2.3960E-04 -4.1147E-04
    5  3.3307E-05  9.4755E-05
    6  6.3420E-05  2.2204E-05
    7  5.5567E-05 -1.5865E-05
    8  3.5838E-05 -1.8429E-05
    9  1.5523E-05 -1.1384E-05
   10  4.1036E-06 -5.9351E-06
   11  1.2312E-06 -2.7701E-06
   12  4.9347E-07 -7.5818E-07

 From volume averages over plasma, betas are
 beta total    =       0.000000
 beta poloidal =       0.000000
 beta toroidal =       0.000000

 R * Btor-vac         =       1.175018 [Wb/M]
 Peak Beta            =       0.000000
 Beta-star            =       0.000000

 Shafranov Surface Integrals
 Ref: S. P. Hirshman, Phys. Fluids B, 5, (1993) 3119
 Note: s1 = S1/2, s2 = S2/2, where  s1,s2 are the Shafranov definitions,
 and s3 = S3/2, where S3 is Lao's definition.
 The quantity lsubi gives the ratio of volume poloidal
 field energy to the field energy estimated from the
 surface integral in Eq.8.
 ----------------------

 RT (Pressure-weighted)  =       0.912079 [M]
 RG (Geometric)          =       0.000000 [M]
 RL (Vol/2*pi*Area-Lao)  =       1.000000 [M]
 Poloidal Field Energy
 Normalization Ratio     =       0.000000 (Lao/Hirshman)

 s3                      =      -1.165074
 lsubi                   =       0.983013
 musubi                  =       2.524799
 betai                   =       0.000000
 lambda                  =       0.491507


                                R = RT            R = RG            R = RL
                              --------          --------          --------
 delta = 1 - RT/R     =       0.000000          1.000000          0.087920
 s1                   =      -2.524806         -0.770912         -2.693873
 s2                   =       1.753894          Infinity          1.922961
 betai (Mui + s1)     =      -0.000007          1.753886         -0.169075
 lambda (s1/2 + s2)   =       0.491491          Infinity          0.576024
 1st Shafr'v relation =      -0.000026         -1.000000         -0.000026
 (3*Betai + Li - Mui)/[2*(s1+s2)] - 1
 Radial force balance =       0.000007         -1.000000         -0.087914
 (Betai + Li + Mui)/(2*s2) - 1


 EXECUTION TERMINATED NORMALLY

 FILE : 1426796
 NUMBER OF JACOBIAN RESETS =    6

    TOTAL COMPUTATIONAL TIME (SEC)       117.55
    TIME TO INPUT/OUTPUT                   0.23
       READ IN DATA                        0.00
       WRITE OUT DATA TO WOUT              0.22
    TIME IN FUNCT3D                      116.60
       BCOVAR FIELDS                      12.74
       FOURIER TRANSFORM                  18.30
       INVERSE FOURIER TRANSFORM          16.92
       FORCES AND SYMMETRIZE               5.93
       RESIDUE                            38.27
       EQFORCE                             0.00

 NO. OF PROCS:     8
 PARVMEC     :     T
 LPRECOND    :     F
 LV3FITCALL  :     F
