periods   3 
begin filament 
mirror NIL 
  9.056496435919753E-01   3.185506886257023E-01  -8.305289005979406E-01  -8.384586757896602E+05
  8.996088856947070E-01   3.606888618214470E-01  -8.459905172283275E-01  -8.384586757896602E+05
  8.916483431886257E-01   4.038745065481278E-01  -8.570892017769617E-01  -8.384586757896602E+05
  8.822816098582084E-01   4.476177795311566E-01  -8.642020678428143E-01  -8.384586757896602E+05
  8.720163969261376E-01   4.915965176133809E-01  -8.677410022478839E-01  -8.384586757896602E+05
  8.613417555953102E-01   5.356218731032809E-01  -8.680887845753544E-01  -8.384586757896602E+05
  8.507223603294036E-01   5.795927218372292E-01  -8.655599842622997E-01  -8.384586757896602E+05
  8.405977323380589E-01   6.234514981367685E-01  -8.603906718545318E-01  -8.384586757896602E+05
  8.313847597577907E-01   6.671510806369193E-01  -8.527538942362739E-01  -8.384586757896602E+05
  8.234824952781215E-01   7.106368447296377E-01  -8.427921934310197E-01  -8.384586757896602E+05
  8.172784599225180E-01   7.538419323406987E-01  -8.306555051668075E-01  -8.384586757896602E+05
  8.131553285198243E-01   7.966892086127707E-01  -8.165330725832580E-01  -8.384586757896602E+05
  8.114960839596469E-01   8.390917499258298E-01  -8.006711826284851E-01  -8.384586757896602E+05
  8.126849802593396E-01   8.809454513052376E-01  -7.833734753082463E-01  -8.384586757896602E+05
  8.171015191336547E-01   9.221116840870239E-01  -7.649857962486765E-01  -8.384586757896602E+05
  8.251055194235607E-01   9.623932113344666E-01  -7.458716086832303E-01  -8.384586757896602E+05
  8.370132629794864E-01   1.001510811081712E+00  -7.263858367775901E-01  -8.384586757896602E+05
  8.530672136893737E-01   1.039089686080543E+00  -7.068543553963643E-01  -8.384586757896602E+05
  8.734041814294843E-01   1.074663106482464E+00  -6.875635910120744E-01  -8.384586757896602E+05
  8.980282197675025E-01   1.107696336734895E+00  -6.687608532825412E-01  -8.384586757896602E+05
  9.267944124657075E-01   1.137628192731253E+00  -6.506623356111160E-01  -8.384586757896602E+05
  9.594078892367033E-01   1.163922450379537E+00  -6.334633426738298E-01  -8.384586757896602E+05
  9.954393283030526E-01   1.186118453592986E+00  -6.173449061495792E-01  -8.384586757896602E+05
  1.034354695397911E+00   1.203870536884533E+00  -6.024725769894624E-01  -8.384586757896602E+05
  1.075554041308384E+00   1.216969114331887E+00  -5.889862391901056E-01  -8.384586757896602E+05
  1.118412667427314E+00   1.225341359248061E+00  -5.769832455417510E-01  -8.384586757896602E+05
  1.162318255216785E+00   1.229034635127142E+00  -5.664998903781869E-01  -8.384586757896602E+05
  1.206699448917651E+00   1.228189616523793E+00  -5.574973155296367E-01  -8.384586757896602E+05
  1.251044186291061E+00   1.223011329340121E+00  -5.498570260963507E-01  -8.384586757896602E+05
  1.294908838722624E+00   1.213745014713700E+00  -5.433885438964776E-01  -8.384586757896602E+05
  1.337921075181155E+00   1.200660528141879E+00  -5.378481736878137E-01  -8.384586757896602E+05
  1.379779805371853E+00   1.184045225510293E+00  -5.329645202695144E-01  -8.384586757896602E+05
  1.420254621951030E+00   1.164202314327770E+00  -5.284643345811942E-01  -8.384586757896602E+05
  1.459185384960556E+00   1.141450390202477E+00  -5.240921497479053E-01  -8.384586757896602E+05
  1.496480792308349E+00   1.116120546992917E+00  -5.196190499478105E-01  -8.384586757896602E+05
  1.532113745624029E+00   1.088549528504217E+00  -5.148392208464323E-01  -8.384586757896602E+05
  1.566111509837134E+00   1.059069892938087E+00  -5.095566330500438E-01  -8.384586757896602E+05
  1.598540035998299E+00   1.028000039462244E+00  -5.035671561426699E-01  -8.384586757896602E+05
  1.629483846370754E+00   9.956374892739058E-01  -4.966426789573640E-01  -8.384586757896602E+05
  1.659024761751511E+00   9.622578935468249E-01  -4.885230446224093E-01  -8.384586757896602E+05
  1.687223700563220E+00   9.281203155583847E-01  -4.789190740094816E-01  -8.384586757896602E+05
  1.714109340183593E+00   8.934772259015851E-01  -4.675264879591673E-01  -8.384586757896602E+05
  1.739675654947145E+00   8.585861956410092E-01  -4.540472720550345E-01  -8.384586757896602E+05
  1.763887789554557E+00   8.237199939261757E-01  -4.382129977402783E-01  -8.384586757896602E+05
  1.786693262821487E+00   7.891727114876457E-01  -4.198044331772667E-01  -8.384586757896602E+05
  1.808033999217813E+00   7.552611765394275E-01  -3.986634332090354E-01  -8.384586757896602E+05
  1.827854712502062E+00   7.223225755943042E-01  -3.746959618968465E-01  -8.384586757896602E+05
  1.846104747484440E+00   6.907101548443870E-01  -3.478681489569694E-01  -8.384586757896602E+05
  1.862733100750297E+00   6.607888005478170E-01  -3.181994452588260E-01  -8.384586757896602E+05
  1.877679087731728E+00   6.329312858117547E-01  -2.857574785869824E-01  -8.384586757896602E+05
  1.890863032228070E+00   6.075145406687764E-01  -2.506579551123921E-01  -8.384586757896602E+05
  1.902181727850504E+00   5.849141521177240E-01  -2.130703760154357E-01  -8.384586757896602E+05
  1.911512082819024E+00   5.654950201593356E-01  -1.732273848664583E-01  -8.384586757896602E+05
  1.918723725029883E+00   5.495969152903533E-01  -1.314333136144224E-01  -8.384586757896602E+05
  1.923698283726420E+00   5.375153721555723E-01  -8.806679824864794E-02  -8.384586757896602E+05
  1.926350608831697E+00   5.294803059423536E-01  -4.357349588392436E-02  -8.384586757896602E+05
  1.926646180051341E+00   5.256362033262263E-01   1.552391672961605E-03  -8.384586757896602E+05
  1.924609759004815E+00   5.260281184429170E-01   4.679577868450208E-02  -8.384586757896602E+05
  1.920322711579528E+00   5.305967794970687E-01   9.165271173869266E-02  -8.384586757896602E+05
  1.913909616731120E+00   5.391841343388369E-01   1.356605388991281E-01  -8.384586757896602E+05
  1.905517760056467E+00   5.515482589480992E-01   1.784205726470820E-01  -8.384586757896602E+05
  1.895294941718478E+00   5.673844873081401E-01   2.196098634266369E-01  -8.384586757896602E+05
  1.883371154437305E+00   5.863485211966671E-01   2.589819308426951E-01  -8.384586757896602E+05
  1.869848119647376E+00   6.080774124245458E-01   2.963593841010762E-01  -8.384586757896602E+05
  1.854797969304840E+00   6.322055124430059E-01   3.316232650554824E-01  -8.384586757896602E+05
  1.838269438629540E+00   6.583742452323137E-01   3.647040552067450E-01  -8.384586757896602E+05
  1.820297743371860E+00   6.862362380771176E-01   3.955776299791635E-01  -8.384586757896602E+05
  1.800913532365197E+00   7.154554167372127E-01   4.242666728674672E-01  -8.384586757896602E+05
  1.780147123135169E+00   7.457049120459288E-01   4.508452220180121E-01  -8.384586757896602E+05
  1.758026303889451E+00   7.766641604259011E-01   4.754421716369748E-01  -8.384586757896602E+05
  1.734568578639210E+00   8.080157949883784E-01   4.982393847601552E-01  -8.384586757896602E+05
  1.709770963276844E+00   8.394422674773773E-01   5.194616713375729E-01  -8.384586757896602E+05
  1.683601584656186E+00   8.706219294505819E-01   5.393586787847263E-01  -8.384586757896602E+05
  1.655997054439546E+00   9.012245853909814E-01   5.581817181598825E-01  -8.384586757896602E+05
  1.626868026800355E+00   9.309070974026278E-01   5.761606118028799E-01  -8.384586757896602E+05
  1.596113055869374E+00   9.593101122886801E-01   5.934860132830623E-01  -8.384586757896602E+05
  1.563638604550461E+00   9.860570781946373E-01   6.103011319308274E-01  -8.384586757896602E+05
  1.529381527143387E+00   1.010756303578322E+00   6.267038796207438E-01  -8.384586757896602E+05
  1.493329976795860E+00   1.033006039193207E+00   6.427571430624978E-01  -8.384586757896602E+05
  1.455539490287041E+00   1.052401792586664E+00   6.585023278497711E-01  -8.384586757896602E+05
  1.416142602778488E+00   1.068544709631413E+00   6.739704308088714E-01  -8.384586757896602E+05
  1.375352128346374E+00   1.081050111542646E+00   6.891860127979903E-01  -8.384586757896602E+05
  1.333459574065086E+00   1.089556090527367E+00   7.041622055751544E-01  -8.384586757896602E+05
  1.290830603235609E+00   1.093733066147090E+00   7.188883552519031E-01  -8.384586757896602E+05
  1.247898939453281E+00   1.093295841628163E+00   7.333148855252347E-01  -8.384586757896602E+05
  1.205158887710243E+00   1.088019495609266E+00   7.473414160070924E-01  -8.384586757896602E+05
  1.163155286079714E+00   1.077759225697566E+00   7.608135688373865E-01  -8.384586757896602E+05
  1.122468808136658E+00   1.062472289523411E+00   7.735314103929686E-01  -8.384586757896602E+05
  1.083694583513104E+00   1.042238128317347E+00   7.852689111068499E-01  -8.384586757896602E+05
  1.047413247370900E+00   1.017271449868412E+00   7.958003321634779E-01  -8.384586757896602E+05
  1.014155538839760E+00   9.879231942251911E-01   8.049271938177338E-01  -8.384586757896602E+05
  9.843638813405088E-01   9.546661649531396E-01   8.124991626056423E-01  -8.384586757896602E+05
  9.583562619001529E-01   9.180653353034129E-01   8.184238855125332E-01  -8.384586757896602E+05
  9.362985020701953E-01   8.787365435230035E-01   8.226639187607757E-01  -8.384586757896602E+05
  9.181902690331447E-01   8.373003213409086E-01   8.252224299076744E-01  -8.384586757896602E+05
  9.038679170902193E-01   7.943389402407046E-01   8.261221927007507E-01  -8.384586757896602E+05
  8.930239298825207E-01   7.503639182281538E-01   8.253837262836635E-01  -8.384586757896602E+05
  8.852391562521745E-01   7.057984430582976E-01   8.230079738973162E-01  -8.384586757896602E+05
  8.800211489804605E-01   6.609753509120054E-01   8.189669887725577E-01  -8.384586757896602E+05
  8.768405665890857E-01   6.161477310762594E-01   8.132034636669961E-01  -8.384586757896602E+05
  8.751582701033827E-01   5.715070845612916E-01   8.056375288020688E-01  -8.384586757896602E+05
  8.744384081842237E-01   5.272038768143372E-01   7.961778015406799E-01  -8.384586757896602E+05
  8.741468559033575E-01   4.833671189062745E-01   7.847335317037205E-01  -8.384586757896602E+05
  8.737388435388767E-01   4.401223614188961E-01   7.712256801503113E-01  -8.384586757896602E+05
  8.726432827009487E-01   3.976098588761460E-01   7.555963288548527E-01  -8.384586757896602E+05
  8.702530932718666E-01   3.560054507876789E-01   7.378172240195155E-01  -8.384586757896602E+05
  8.659301091021371E-01   3.155453334984962E-01   7.178988989190397E-01  -8.384586757896602E+05
  8.590298830350921E-01   2.765527174185304E-01   6.959014504475219E-01  -8.384586757896602E+05
  8.489466005084462E-01   2.394605991736067E-01   6.719468121311521E-01  -8.384586757896602E+05
  8.351725783458144E-01   2.048222093587881E-01   6.462307729849888E-01  -8.384586757896602E+05
  8.173619638514836E-01   1.733006324599626E-01   6.190316668256404E-01  -8.384586757896602E+05
  7.953856239619463E-01   1.456323442083546E-01   5.907121262143634E-01  -8.384586757896602E+05
  7.693646838551246E-01   1.225654986718021E-01   5.617107952511615E-01  -8.384586757896602E+05
  7.396738277558432E-01   1.047810945045393E-01   5.325223092699163E-01  -8.384586757896602E+05
  7.069115620909896E-01   9.281133799063909E-02   5.036657808649626E-01  -8.384586757896602E+05
  6.718417335720410E-01   8.697235184750997E-02   4.756439758410575E-01  -8.384586757896602E+05
  6.353169375414378E-01   8.732648235132606E-02   4.488968992613809E-01  -8.384586757896602E+05
  5.981984237800159E-01   9.368290318177329E-02   4.237544389984214E-01  -8.384586757896602E+05
  5.612876596025450E-01   1.056356173206413E-01   4.003930717506073E-01  -8.384586757896602E+05
  5.252816630537339E-01   1.226280563911324E-01   3.788016140634016E-01  -8.384586757896602E+05
  4.907583225868397E-01   1.440262992633290E-01   3.587607799690471E-01  -8.384586757896602E+05
  4.581906618927623E-01   1.691808213986586E-01   3.398409138926455E-01  -8.384586757896602E+05
  4.279822180917656E-01   1.974605021904123E-01   3.214215142153037E-01  -8.384586757896602E+05
  4.005110564470148E-01   2.282513936296857E-01   3.027347139822397E-01  -8.384586757896602E+05
  3.761685285904804E-01   2.609239444671105E-01   2.829324378856608E-01  -8.384586757896602E+05
  3.553809114658157E-01   2.947826199906942E-01   2.611734618130727E-01  -8.384586757896602E+05
  3.386068684260326E-01   3.290180288297760E-01   2.367224410313981E-01  -8.384586757896602E+05
  3.263099134776624E-01   3.626818490228632E-01   2.090489755632121E-01  -8.384586757896602E+05
  3.189111265849445E-01   3.946989370133108E-01   1.779120706482311E-01  -8.384586757896602E+05
  3.167318320466176E-01   4.239207492788617E-01   1.434150280463481E-01  -8.384586757896602E+05
  3.199379240651111E-01   4.492126386511936E-01   1.060185666112669E-01  -8.384586757896602E+05
  3.284968336481506E-01   4.695580752004160E-01   6.650578988476172E-02  -8.384586757896602E+05
  3.421552825112925E-01   4.841580588947580E-01   2.590061042187812E-02  -8.384586757896602E+05
  3.604419056171042E-01   4.925051339966769E-01  -1.465020693687145E-02  -8.384586757896602E+05
  3.826945955817643E-01   4.944179078356837E-01  -5.401407190795463E-02  -8.384586757896602E+05
  4.081088773049737E-01   4.900317404248830E-01  -9.120739922402990E-02  -8.384586757896602E+05
  4.358012119904216E-01   4.797514391548572E-01  -1.255073053545920E-01  -8.384586757896602E+05
  4.648798887743842E-01   4.641796163390032E-01  -1.565238888314843E-01  -8.384586757896602E+05
  4.945158321871614E-01   4.440380159124559E-01  -1.842247202017482E-01  -8.384586757896602E+05
  5.240059006124893E-01   4.200981195261726E-01  -2.089124097184822E-01  -8.384586757896602E+05
  5.528218638090252E-01   3.931325726459841E-01  -2.311644476124974E-01  -8.384586757896602E+05
  5.806392399319887E-01   3.638922078845594E-01  -2.517499729927033E-01  -8.384586757896602E+05
  6.073417447204535E-01   3.331067171106331E-01  -2.715396156784001E-01  -8.384586757896602E+05
  6.329994871185350E-01   3.015019796121099E-01  -2.914221010492811E-01  -8.384586757896602E+05
  6.578222884543560E-01   2.698245357099558E-01  -3.122360350440476E-01  -8.384586757896602E+05
  6.820933198997293E-01   2.388636734282056E-01  -3.347190416238895E-01  -8.384586757896602E+05
  7.060919871134496E-01   2.094633960183131E-01  -3.594711982355435E-01  -8.384586757896602E+05
  7.300177404588984E-01   1.825192456338417E-01  -3.869270290902192E-01  -8.384586757896602E+05
  7.539273709318912E-01   1.589578093798351E-01  -4.173307761260979E-01  -8.384586757896602E+05
  7.776968103890033E-01   1.396993396066123E-01  -4.507128036685764E-01  -8.384586757896602E+05
  8.010145074833619E-01   1.256062570407828E-01  -4.868694437732959E-01  -8.384586757896602E+05
  8.234077731814253E-01   1.174225109598298E-01  -5.253525613456635E-01  -8.384586757896602E+05
  8.442972912427779E-01   1.157108718969348E-01  -5.654769735966538E-01  -8.384586757896602E+05
  8.630697058541271E-01   1.207969540252378E-01  -6.063526480023057E-01  -8.384586757896602E+05
  8.791550929754336E-01   1.327295283892336E-01  -6.469443786210545E-01  -8.384586757896602E+05
  8.920959145072174E-01   1.512658223451499E-01  -6.861554542915397E-01  -8.384586757896602E+05
  9.015967102923895E-01   1.758875753034505E-01  -7.229254249304889E-01  -8.384586757896602E+05
  9.075485241983843E-01   2.058487650214015E-01  -7.563273519820571E-01  -8.384586757896602E+05
  9.100276024033418E-01   2.402499604898766E-01  -7.856483981217552E-01  -8.384586757896602E+05
  9.092728378297514E-01   2.781285966028590E-01  -8.104399137052699E-01  -8.384586757896602E+05
  9.056496435919753E-01   3.185506886257023E-01  -8.305289005979406E-01   0.000000000000000E+00 1 CurveXYZFourier1 
  9.056496435919753E-01  -3.185506886257023E-01   8.305289005979406E-01   8.384586757896602E+05
  8.996088856947070E-01  -3.606888618214470E-01   8.459905172283275E-01   8.384586757896602E+05
  8.916483431886257E-01  -4.038745065481278E-01   8.570892017769617E-01   8.384586757896602E+05
  8.822816098582084E-01  -4.476177795311566E-01   8.642020678428143E-01   8.384586757896602E+05
  8.720163969261376E-01  -4.915965176133809E-01   8.677410022478839E-01   8.384586757896602E+05
  8.613417555953102E-01  -5.356218731032809E-01   8.680887845753544E-01   8.384586757896602E+05
  8.507223603294036E-01  -5.795927218372292E-01   8.655599842622997E-01   8.384586757896602E+05
  8.405977323380589E-01  -6.234514981367685E-01   8.603906718545318E-01   8.384586757896602E+05
  8.313847597577907E-01  -6.671510806369193E-01   8.527538942362739E-01   8.384586757896602E+05
  8.234824952781215E-01  -7.106368447296377E-01   8.427921934310197E-01   8.384586757896602E+05
  8.172784599225180E-01  -7.538419323406987E-01   8.306555051668075E-01   8.384586757896602E+05
  8.131553285198243E-01  -7.966892086127707E-01   8.165330725832580E-01   8.384586757896602E+05
  8.114960839596469E-01  -8.390917499258298E-01   8.006711826284851E-01   8.384586757896602E+05
  8.126849802593396E-01  -8.809454513052376E-01   7.833734753082463E-01   8.384586757896602E+05
  8.171015191336547E-01  -9.221116840870239E-01   7.649857962486765E-01   8.384586757896602E+05
  8.251055194235607E-01  -9.623932113344666E-01   7.458716086832303E-01   8.384586757896602E+05
  8.370132629794864E-01  -1.001510811081712E+00   7.263858367775901E-01   8.384586757896602E+05
  8.530672136893737E-01  -1.039089686080543E+00   7.068543553963643E-01   8.384586757896602E+05
  8.734041814294843E-01  -1.074663106482464E+00   6.875635910120744E-01   8.384586757896602E+05
  8.980282197675025E-01  -1.107696336734895E+00   6.687608532825412E-01   8.384586757896602E+05
  9.267944124657075E-01  -1.137628192731253E+00   6.506623356111160E-01   8.384586757896602E+05
  9.594078892367033E-01  -1.163922450379537E+00   6.334633426738298E-01   8.384586757896602E+05
  9.954393283030526E-01  -1.186118453592986E+00   6.173449061495792E-01   8.384586757896602E+05
  1.034354695397911E+00  -1.203870536884533E+00   6.024725769894624E-01   8.384586757896602E+05
  1.075554041308384E+00  -1.216969114331887E+00   5.889862391901056E-01   8.384586757896602E+05
  1.118412667427314E+00  -1.225341359248061E+00   5.769832455417510E-01   8.384586757896602E+05
  1.162318255216785E+00  -1.229034635127142E+00   5.664998903781869E-01   8.384586757896602E+05
  1.206699448917651E+00  -1.228189616523793E+00   5.574973155296367E-01   8.384586757896602E+05
  1.251044186291061E+00  -1.223011329340121E+00   5.498570260963507E-01   8.384586757896602E+05
  1.294908838722624E+00  -1.213745014713700E+00   5.433885438964776E-01   8.384586757896602E+05
  1.337921075181155E+00  -1.200660528141879E+00   5.378481736878137E-01   8.384586757896602E+05
  1.379779805371853E+00  -1.184045225510293E+00   5.329645202695144E-01   8.384586757896602E+05
  1.420254621951030E+00  -1.164202314327770E+00   5.284643345811942E-01   8.384586757896602E+05
  1.459185384960556E+00  -1.141450390202477E+00   5.240921497479053E-01   8.384586757896602E+05
  1.496480792308349E+00  -1.116120546992917E+00   5.196190499478105E-01   8.384586757896602E+05
  1.532113745624029E+00  -1.088549528504217E+00   5.148392208464323E-01   8.384586757896602E+05
  1.566111509837134E+00  -1.059069892938087E+00   5.095566330500438E-01   8.384586757896602E+05
  1.598540035998299E+00  -1.028000039462244E+00   5.035671561426699E-01   8.384586757896602E+05
  1.629483846370754E+00  -9.956374892739058E-01   4.966426789573640E-01   8.384586757896602E+05
  1.659024761751511E+00  -9.622578935468249E-01   4.885230446224093E-01   8.384586757896602E+05
  1.687223700563220E+00  -9.281203155583847E-01   4.789190740094816E-01   8.384586757896602E+05
  1.714109340183593E+00  -8.934772259015851E-01   4.675264879591673E-01   8.384586757896602E+05
  1.739675654947145E+00  -8.585861956410092E-01   4.540472720550345E-01   8.384586757896602E+05
  1.763887789554557E+00  -8.237199939261757E-01   4.382129977402783E-01   8.384586757896602E+05
  1.786693262821487E+00  -7.891727114876457E-01   4.198044331772667E-01   8.384586757896602E+05
  1.808033999217813E+00  -7.552611765394275E-01   3.986634332090354E-01   8.384586757896602E+05
  1.827854712502062E+00  -7.223225755943042E-01   3.746959618968465E-01   8.384586757896602E+05
  1.846104747484440E+00  -6.907101548443870E-01   3.478681489569694E-01   8.384586757896602E+05
  1.862733100750297E+00  -6.607888005478170E-01   3.181994452588260E-01   8.384586757896602E+05
  1.877679087731728E+00  -6.329312858117547E-01   2.857574785869824E-01   8.384586757896602E+05
  1.890863032228070E+00  -6.075145406687764E-01   2.506579551123921E-01   8.384586757896602E+05
  1.902181727850504E+00  -5.849141521177240E-01   2.130703760154357E-01   8.384586757896602E+05
  1.911512082819024E+00  -5.654950201593356E-01   1.732273848664583E-01   8.384586757896602E+05
  1.918723725029883E+00  -5.495969152903533E-01   1.314333136144224E-01   8.384586757896602E+05
  1.923698283726420E+00  -5.375153721555723E-01   8.806679824864794E-02   8.384586757896602E+05
  1.926350608831697E+00  -5.294803059423536E-01   4.357349588392436E-02   8.384586757896602E+05
  1.926646180051341E+00  -5.256362033262263E-01  -1.552391672961605E-03   8.384586757896602E+05
  1.924609759004815E+00  -5.260281184429170E-01  -4.679577868450208E-02   8.384586757896602E+05
  1.920322711579528E+00  -5.305967794970687E-01  -9.165271173869266E-02   8.384586757896602E+05
  1.913909616731120E+00  -5.391841343388369E-01  -1.356605388991281E-01   8.384586757896602E+05
  1.905517760056467E+00  -5.515482589480992E-01  -1.784205726470820E-01   8.384586757896602E+05
  1.895294941718478E+00  -5.673844873081401E-01  -2.196098634266369E-01   8.384586757896602E+05
  1.883371154437305E+00  -5.863485211966671E-01  -2.589819308426951E-01   8.384586757896602E+05
  1.869848119647376E+00  -6.080774124245458E-01  -2.963593841010762E-01   8.384586757896602E+05
  1.854797969304840E+00  -6.322055124430059E-01  -3.316232650554824E-01   8.384586757896602E+05
  1.838269438629540E+00  -6.583742452323137E-01  -3.647040552067450E-01   8.384586757896602E+05
  1.820297743371860E+00  -6.862362380771176E-01  -3.955776299791635E-01   8.384586757896602E+05
  1.800913532365197E+00  -7.154554167372127E-01  -4.242666728674672E-01   8.384586757896602E+05
  1.780147123135169E+00  -7.457049120459288E-01  -4.508452220180121E-01   8.384586757896602E+05
  1.758026303889451E+00  -7.766641604259011E-01  -4.754421716369748E-01   8.384586757896602E+05
  1.734568578639210E+00  -8.080157949883784E-01  -4.982393847601552E-01   8.384586757896602E+05
  1.709770963276844E+00  -8.394422674773773E-01  -5.194616713375729E-01   8.384586757896602E+05
  1.683601584656186E+00  -8.706219294505819E-01  -5.393586787847263E-01   8.384586757896602E+05
  1.655997054439546E+00  -9.012245853909814E-01  -5.581817181598825E-01   8.384586757896602E+05
  1.626868026800355E+00  -9.309070974026278E-01  -5.761606118028799E-01   8.384586757896602E+05
  1.596113055869374E+00  -9.593101122886801E-01  -5.934860132830623E-01   8.384586757896602E+05
  1.563638604550461E+00  -9.860570781946373E-01  -6.103011319308274E-01   8.384586757896602E+05
  1.529381527143387E+00  -1.010756303578322E+00  -6.267038796207438E-01   8.384586757896602E+05
  1.493329976795860E+00  -1.033006039193207E+00  -6.427571430624978E-01   8.384586757896602E+05
  1.455539490287041E+00  -1.052401792586664E+00  -6.585023278497711E-01   8.384586757896602E+05
  1.416142602778488E+00  -1.068544709631413E+00  -6.739704308088714E-01   8.384586757896602E+05
  1.375352128346374E+00  -1.081050111542646E+00  -6.891860127979903E-01   8.384586757896602E+05
  1.333459574065086E+00  -1.089556090527367E+00  -7.041622055751544E-01   8.384586757896602E+05
  1.290830603235609E+00  -1.093733066147090E+00  -7.188883552519031E-01   8.384586757896602E+05
  1.247898939453281E+00  -1.093295841628163E+00  -7.333148855252347E-01   8.384586757896602E+05
  1.205158887710243E+00  -1.088019495609266E+00  -7.473414160070924E-01   8.384586757896602E+05
  1.163155286079714E+00  -1.077759225697566E+00  -7.608135688373865E-01   8.384586757896602E+05
  1.122468808136658E+00  -1.062472289523411E+00  -7.735314103929686E-01   8.384586757896602E+05
  1.083694583513104E+00  -1.042238128317347E+00  -7.852689111068499E-01   8.384586757896602E+05
  1.047413247370900E+00  -1.017271449868412E+00  -7.958003321634779E-01   8.384586757896602E+05
  1.014155538839760E+00  -9.879231942251911E-01  -8.049271938177338E-01   8.384586757896602E+05
  9.843638813405088E-01  -9.546661649531396E-01  -8.124991626056423E-01   8.384586757896602E+05
  9.583562619001529E-01  -9.180653353034129E-01  -8.184238855125332E-01   8.384586757896602E+05
  9.362985020701953E-01  -8.787365435230035E-01  -8.226639187607757E-01   8.384586757896602E+05
  9.181902690331447E-01  -8.373003213409086E-01  -8.252224299076744E-01   8.384586757896602E+05
  9.038679170902193E-01  -7.943389402407046E-01  -8.261221927007507E-01   8.384586757896602E+05
  8.930239298825207E-01  -7.503639182281538E-01  -8.253837262836635E-01   8.384586757896602E+05
  8.852391562521745E-01  -7.057984430582976E-01  -8.230079738973162E-01   8.384586757896602E+05
  8.800211489804605E-01  -6.609753509120054E-01  -8.189669887725577E-01   8.384586757896602E+05
  8.768405665890857E-01  -6.161477310762594E-01  -8.132034636669961E-01   8.384586757896602E+05
  8.751582701033827E-01  -5.715070845612916E-01  -8.056375288020688E-01   8.384586757896602E+05
  8.744384081842237E-01  -5.272038768143372E-01  -7.961778015406799E-01   8.384586757896602E+05
  8.741468559033575E-01  -4.833671189062745E-01  -7.847335317037205E-01   8.384586757896602E+05
  8.737388435388767E-01  -4.401223614188961E-01  -7.712256801503113E-01   8.384586757896602E+05
  8.726432827009487E-01  -3.976098588761460E-01  -7.555963288548527E-01   8.384586757896602E+05
  8.702530932718666E-01  -3.560054507876789E-01  -7.378172240195155E-01   8.384586757896602E+05
  8.659301091021371E-01  -3.155453334984962E-01  -7.178988989190397E-01   8.384586757896602E+05
  8.590298830350921E-01  -2.765527174185304E-01  -6.959014504475219E-01   8.384586757896602E+05
  8.489466005084462E-01  -2.394605991736067E-01  -6.719468121311521E-01   8.384586757896602E+05
  8.351725783458144E-01  -2.048222093587881E-01  -6.462307729849888E-01   8.384586757896602E+05
  8.173619638514836E-01  -1.733006324599626E-01  -6.190316668256404E-01   8.384586757896602E+05
  7.953856239619463E-01  -1.456323442083546E-01  -5.907121262143634E-01   8.384586757896602E+05
  7.693646838551246E-01  -1.225654986718021E-01  -5.617107952511615E-01   8.384586757896602E+05
  7.396738277558432E-01  -1.047810945045393E-01  -5.325223092699163E-01   8.384586757896602E+05
  7.069115620909896E-01  -9.281133799063909E-02  -5.036657808649626E-01   8.384586757896602E+05
  6.718417335720410E-01  -8.697235184750997E-02  -4.756439758410575E-01   8.384586757896602E+05
  6.353169375414378E-01  -8.732648235132606E-02  -4.488968992613809E-01   8.384586757896602E+05
  5.981984237800159E-01  -9.368290318177329E-02  -4.237544389984214E-01   8.384586757896602E+05
  5.612876596025450E-01  -1.056356173206413E-01  -4.003930717506073E-01   8.384586757896602E+05
  5.252816630537339E-01  -1.226280563911324E-01  -3.788016140634016E-01   8.384586757896602E+05
  4.907583225868397E-01  -1.440262992633290E-01  -3.587607799690471E-01   8.384586757896602E+05
  4.581906618927623E-01  -1.691808213986586E-01  -3.398409138926455E-01   8.384586757896602E+05
  4.279822180917656E-01  -1.974605021904123E-01  -3.214215142153037E-01   8.384586757896602E+05
  4.005110564470148E-01  -2.282513936296857E-01  -3.027347139822397E-01   8.384586757896602E+05
  3.761685285904804E-01  -2.609239444671105E-01  -2.829324378856608E-01   8.384586757896602E+05
  3.553809114658157E-01  -2.947826199906942E-01  -2.611734618130727E-01   8.384586757896602E+05
  3.386068684260326E-01  -3.290180288297760E-01  -2.367224410313981E-01   8.384586757896602E+05
  3.263099134776624E-01  -3.626818490228632E-01  -2.090489755632121E-01   8.384586757896602E+05
  3.189111265849445E-01  -3.946989370133108E-01  -1.779120706482311E-01   8.384586757896602E+05
  3.167318320466176E-01  -4.239207492788617E-01  -1.434150280463481E-01   8.384586757896602E+05
  3.199379240651111E-01  -4.492126386511936E-01  -1.060185666112669E-01   8.384586757896602E+05
  3.284968336481506E-01  -4.695580752004160E-01  -6.650578988476172E-02   8.384586757896602E+05
  3.421552825112925E-01  -4.841580588947580E-01  -2.590061042187812E-02   8.384586757896602E+05
  3.604419056171042E-01  -4.925051339966769E-01   1.465020693687145E-02   8.384586757896602E+05
  3.826945955817643E-01  -4.944179078356837E-01   5.401407190795463E-02   8.384586757896602E+05
  4.081088773049737E-01  -4.900317404248830E-01   9.120739922402990E-02   8.384586757896602E+05
  4.358012119904216E-01  -4.797514391548572E-01   1.255073053545920E-01   8.384586757896602E+05
  4.648798887743842E-01  -4.641796163390032E-01   1.565238888314843E-01   8.384586757896602E+05
  4.945158321871614E-01  -4.440380159124559E-01   1.842247202017482E-01   8.384586757896602E+05
  5.240059006124893E-01  -4.200981195261726E-01   2.089124097184822E-01   8.384586757896602E+05
  5.528218638090252E-01  -3.931325726459841E-01   2.311644476124974E-01   8.384586757896602E+05
  5.806392399319887E-01  -3.638922078845594E-01   2.517499729927033E-01   8.384586757896602E+05
  6.073417447204535E-01  -3.331067171106331E-01   2.715396156784001E-01   8.384586757896602E+05
  6.329994871185350E-01  -3.015019796121099E-01   2.914221010492811E-01   8.384586757896602E+05
  6.578222884543560E-01  -2.698245357099558E-01   3.122360350440476E-01   8.384586757896602E+05
  6.820933198997293E-01  -2.388636734282056E-01   3.347190416238895E-01   8.384586757896602E+05
  7.060919871134496E-01  -2.094633960183131E-01   3.594711982355435E-01   8.384586757896602E+05
  7.300177404588984E-01  -1.825192456338417E-01   3.869270290902192E-01   8.384586757896602E+05
  7.539273709318912E-01  -1.589578093798351E-01   4.173307761260979E-01   8.384586757896602E+05
  7.776968103890033E-01  -1.396993396066123E-01   4.507128036685764E-01   8.384586757896602E+05
  8.010145074833619E-01  -1.256062570407828E-01   4.868694437732959E-01   8.384586757896602E+05
  8.234077731814253E-01  -1.174225109598298E-01   5.253525613456635E-01   8.384586757896602E+05
  8.442972912427779E-01  -1.157108718969348E-01   5.654769735966538E-01   8.384586757896602E+05
  8.630697058541271E-01  -1.207969540252378E-01   6.063526480023057E-01   8.384586757896602E+05
  8.791550929754336E-01  -1.327295283892336E-01   6.469443786210545E-01   8.384586757896602E+05
  8.920959145072174E-01  -1.512658223451499E-01   6.861554542915397E-01   8.384586757896602E+05
  9.015967102923895E-01  -1.758875753034505E-01   7.229254249304889E-01   8.384586757896602E+05
  9.075485241983843E-01  -2.058487650214015E-01   7.563273519820571E-01   8.384586757896602E+05
  9.100276024033418E-01  -2.402499604898766E-01   7.856483981217552E-01   8.384586757896602E+05
  9.092728378297514E-01  -2.781285966028590E-01   8.104399137052699E-01   8.384586757896602E+05
  9.056496435919753E-01  -3.185506886257023E-01   8.305289005979406E-01   0.000000000000000E+00 2 RotatedCurve11 
 -7.286978105388724E-01   6.250402539661223E-01  -8.305289005979406E-01  -8.384586757896602E+05
 -7.621701600468216E-01   5.987397175711041E-01  -8.459905172283275E-01  -8.384586757896602E+05
 -7.955897542058959E-01   5.702528631695916E-01  -8.570892017769617E-01  -8.384586757896602E+05
 -8.287891731886677E-01   5.402693976634613E-01  -8.642020678428143E-01  -8.384586757896602E+05
 -8.617432711282208E-01   5.093900934479193E-01  -8.677410022478839E-01  -8.384586757896602E+05
 -8.945330267277012E-01   4.781329051341855E-01  -8.680887845753544E-01  -8.384586757896602E+05
 -9.273032011243100E-01   4.469508146941080E-01  -8.655599842622997E-01  -8.384586757896602E+05
 -9.602237015829375E-01   4.162532414999669E-01  -8.603906718545318E-01  -8.384586757896602E+05
 -9.934621638727079E-01   3.864247819510098E-01  -8.527538942362739E-01  -8.384586757896602E+05
 -1.027170808040145E+00   3.578383381178336E-01  -8.427921934310197E-01  -8.384586757896602E+05
 -1.061485493806254E+00   3.308629420883736E-01  -8.306555051668075E-01  -8.384586757896602E+05
 -1.096530757839492E+00   3.058685674144635E-01  -8.165330725832580E-01  -8.384586757896602E+05
 -1.132422813521531E+00   2.832303488177292E-01  -8.006711826284851E-01  -8.384586757896602E+05
 -1.169263630308353E+00   2.633331125260245E-01  -7.833734753082463E-01  -8.384586757896602E+05
 -1.207122903112641E+00   2.465748309970898E-01  -7.649857962486765E-01  -8.384586757896602E+05
 -1.246009729157114E+00   2.333657349563250E-01  -7.458716086832303E-01  -8.384586757896602E+05
 -1.285840436051263E+00   2.241193435038845E-01  -7.263858367775901E-01  -8.384586757896602E+05
 -1.326411671800834E+00   2.192330351503347E-01  -7.068543553963643E-01  -8.384586757896602E+05
 -1.367387641438457E+00   2.190586556482546E-01  -6.875635910120744E-01  -8.384586757896602E+05
 -1.408307277175132E+00   2.238670832665247E-01  -6.687608532825412E-01  -8.384586757896602E+05
 -1.448612121199498E+00   2.338134089151495E-01  -6.506623356111160E-01  -8.384586757896602E+05
 -1.487690354682063E+00   2.489103794804237E-01  -6.334633426738298E-01  -8.384586757896602E+05
 -1.524928376860566E+00   2.690165194400689E-01  -6.173449061495792E-01  -8.384586757896602E+05
 -1.559759815508572E+00   2.938421742960400E-01  -6.024725769894624E-01  -8.384586757896602E+05
 -1.591703189286655E+00   3.229725657501351E-01  -5.889862391901056E-01  -8.384586757896602E+05
 -1.620383079130232E+00   3.559031022823409E-01  -5.769832455417510E-01  -8.384586757896602E+05
 -1.645534343759436E+00   3.920798187365703E-01  -5.664998903781869E-01  -8.384586757896602E+05
 -1.666993133032698E+00   4.309375692334726E-01  -5.574973155296367E-01  -8.384586757896602E+05
 -1.684680973470251E+00   4.719303819148299E-01  -5.498570260963507E-01  -8.384586757896602E+05
 -1.698588435820093E+00   5.145514425619490E-01  -5.433885438964776E-01  -8.384586757896602E+05
 -1.708763056282685E+00   5.583433752945310E-01  -5.378481736878137E-01  -8.384586757896602E+05
 -1.715303147207514E+00   6.029017503256272E-01  -5.329645202695144E-01  -8.384586757896602E+05
 -1.718356090328000E+00   6.478754252879712E-01  -5.284643345811942E-01  -8.384586757896602E+05
 -1.718117727555283E+00   6.929664171055793E-01  -5.240921497479053E-01  -8.384586757896602E+05
 -1.714829143535824E+00   7.379301089180371E-01  -5.196190499478105E-01  -8.384586757896602E+05
 -1.708768417774239E+00   7.825746609456299E-01  -5.148392208464323E-01  -8.384586757896602E+05
 -1.700237186586216E+00   8.267574062091178E-01  -5.095566330500438E-01  -8.384586757896602E+05
 -1.689544167264858E+00   8.703762604098964E-01  -5.035671561426699E-01  -8.384586757896602E+05
 -1.676989281856736E+00   9.133556613764998E-01  -4.966426789573640E-01  -8.384586757896602E+05
 -1.662852161679408E+00   9.556286424108222E-01  -4.885230446224093E-01  -8.384586757896602E+05
 -1.647387621323600E+00   9.971184287757452E-01  -4.789190740094816E-01  -8.384586757896602E+05
 -1.630828645425417E+00   1.037723620512381E+00  -4.675264879591673E-01  -8.384586757896602E+05
 -1.613395284237322E+00   1.077310213709055E+00  -4.540472720550345E-01  -8.384586757896602E+05
 -1.595306335122510E+00   1.115711638216339E+00  -4.382129977402783E-01  -8.384586757896602E+05
 -1.576790247532492E+00   1.152735398630092E+00  -4.198044331772667E-01  -8.384586757896602E+05
 -1.558092364984174E+00   1.188172785958886E+00  -3.986634332090354E-01  -8.384586757896602E+05
 -1.539477056442704E+00   1.221807327656736E+00  -3.746959618968465E-01  -8.384586757896602E+05
 -1.521224914489342E+00   1.253418531946388E+00  -3.478681489569694E-01  -8.384586757896602E+05
 -1.503626438185806E+00   1.282779785446007E+00  -3.181994452588260E-01  -8.384586757896602E+05
 -1.486974116228792E+00   1.309652147224589E+00  -2.857574785869824E-01  -8.384586757896602E+05
 -1.471554541501630E+00   1.333778150651995E+00  -2.506579551123921E-01  -8.384586757896602E+05
 -1.457641378692236E+00   1.354880622874252E+00  -2.130703760154357E-01  -8.384586757896602E+05
 -1.445489094581090E+00   1.372670513282511E+00  -1.732273848664583E-01  -8.384586757896602E+05
 -1.435326752997951E+00   1.386865031074610E+00  -1.314333136144224E-01  -8.384586757896602E+05
 -1.427351109074582E+00   1.397213896845818E+00  -8.806679824864794E-02  -8.384586757896602E+05
 -1.421718700165483E+00   1.403528410872693E+00  -4.357349588392436E-02  -8.384586757896602E+05
 -1.418537395254985E+00   1.405706434365596E+00   1.552391672961605E-03  -8.384586757896602E+05
 -1.417858593178903E+00   1.403746884448158E+00   4.679577868450208E-02  -8.384586757896602E+05
 -1.419671646000435E+00   1.397749861943554E+00   9.165271173869266E-02  -8.384586757896602E+05
 -1.423901966020514E+00   1.387902281467070E+00   1.356605388991281E-01  -8.384586757896602E+05
 -1.430413683690365E+00   1.374452658097271E+00   1.784205726470820E-01  -8.384586757896602E+05
 -1.439016850581297E+00   1.357681323538279E+00   2.196098634266369E-01  -8.384586757896602E+05
 -1.449478292046404E+00   1.337873003899198E+00   2.589819308426951E-01  -8.384586757896602E+05
 -1.461534546450852E+00   1.315297266620920E+00   2.963593841010762E-01  -8.384586757896602E+05
 -1.474905018840622E+00   1.290199404084278E+00   3.316232650554824E-01  -8.384586757896602E+05
 -1.489303540883359E+00   1.262800910237584E+00   3.647040552067450E-01  -8.384586757896602E+05
 -1.504446886858180E+00   1.233305969172959E+00   3.955776299791635E-01  -8.384586757896602E+05
 -1.520059332352207E+00   1.201909160678824E+00   4.242666728674672E-01  -8.384586757896602E+05
 -1.535872959126199E+00   1.168800175085877E+00   4.508452220180121E-01  -8.384586757896602E+05
 -1.551624045082468E+00   1.134163359476576E+00   4.754421716369748E-01  -8.384586757896602E+05
 -1.567046494438619E+00   1.098172556213633E+00   4.982393847601552E-01  -8.384586757896602E+05
 -1.581863810284242E+00   1.060983955112049E+00   5.194616713375729E-01  -8.384586757896602E+05
 -1.595781500324120E+00   1.022730777438703E+00   5.393586787847263E-01  -8.384586757896602E+05
 -1.608481912683461E+00   9.835232250413584E-01   5.581817181598825E-01  -8.384586757896602E+05
 -1.619623208314088E+00   9.434554911124570E-01   5.761606118028799E-01  -8.384586757896602E+05
 -1.628843455283986E+00   9.026193975505491E-01   5.934860132830623E-01  -8.384586757896602E+05
 -1.635769781573245E+00   8.611222147814307E-01   6.103011319308274E-01  -8.384586757896602E+05
 -1.640031399505776E+00   8.191051027956529E-01   6.267038796207438E-01  -8.384586757896602E+05
 -1.641274460601990E+00   7.767586765414382E-01   6.427571430624978E-01  -8.384586757896602E+05
 -1.639176432511853E+00   7.343332785066988E-01   6.585023278497711E-01  -8.384586757896602E+05
 -1.633458165009513E+00   6.921431145718796E-01   6.739704308088714E-01  -8.384586757896602E+05
 -1.623892923533119E+00   6.505648265256326E-01   6.891860127979903E-01  -8.384586757896602E+05
 -1.610313040277300E+00   6.100318207962584E-01   7.041622055751544E-01  -8.384586757896602E+05
 -1.592615921860230E+00   5.710255613108837E-01   7.188883552519031E-01  -8.384586757896602E+05
 -1.570771442428518E+00   5.340642621081197E-01   7.333148855252347E-01  -8.384586757896602E+05
 -1.544831966865478E+00   4.996884645490355E-01   7.473414160070924E-01  -8.384586757896602E+05
 -1.514944511656996E+00   4.684424134424057E-01   7.608135688373865E-01  -8.384586757896602E+05
 -1.481362397612618E+00   4.408503580402816E-01   7.735314103929686E-01  -8.384586757896602E+05
 -1.444451987672120E+00   4.173879751072719E-01   7.852689111068499E-01  -8.384586757896602E+05
 -1.404689541816123E+00   3.984507555493482E-01   7.958003321634779E-01  -8.384586757896602E+05
 -1.362644352606763E+00   3.843228629113326E-01   8.049271938177338E-01  -8.384586757896602E+05
 -1.318947091653139E+00   3.751510453321618E-01   8.124991626056423E-01  -8.384586757896602E+05
 -1.274246033656711E+00   3.709282010297189E-01   8.184238855125332E-01  -8.384586757896602E+05
 -1.229157420959748E+00   3.714900165566045E-01   8.226639187607757E-01  -8.384586757896602E+05
 -1.184218483394673E+00   3.765259378199174E-01   8.252224299076744E-01  -8.384586757896602E+05
 -1.139851660008769E+00   3.856031077455045E-01   8.261221927007507E-01  -8.384586757896602E+05
 -1.096346180210071E+00   3.981994503515994E-01   8.253837262836635E-01  -8.384586757896602E+05
 -1.053858959766077E+00   4.137403762099366E-01   8.230079738973162E-01  -8.384586757896602E+05
 -1.012432019655361E+00   4.316329954286464E-01   8.189669887725577E-01  -8.384586757896602E+05
 -9.720198708907261E-01   4.512923401967594E-01   8.132034636669961E-01  -8.384586757896602E+05
 -9.325187887245511E-01   4.721557519609271E-01   8.056375288020688E-01  -8.384586757896602E+05
 -8.937911543869695E-01   4.936839371251956E-01   7.961778015406799E-01  -8.384586757896602E+05
 -8.556816322786057E-01   5.153498243974656E-01   7.847335317037205E-01  -8.384586757896602E+05
 -8.180265675317984E-01   5.366188540684561E-01   7.712256801503113E-01  -8.384586757896602E+05
 -7.806618799323622E-01   5.569263218227942E-01   7.555963288548527E-01  -8.384586757896602E+05
 -7.434363109037939E-01   5.756585611015856E-01   7.378172240195155E-01  -8.384586757896602E+05
 -7.062353294063989E-01   5.921448056350332E-01   7.178988989190397E-01  -8.384586757896602E+05
 -6.690166202876124E-01   6.056653426090997E-01   6.959014504475219E-01  -8.384586757896602E+05
 -6.318522623440094E-01   6.154790229099503E-01   6.719468121311521E-01  -8.384586757896602E+05
 -5.949675257368724E-01   6.208695647122306E-01   6.462307729849888E-01  -8.384586757896602E+05
 -5.587637321279794E-01   6.212059085525417E-01   6.190316668256404E-01  -8.384586757896602E+05
 -5.238141216780877E-01   6.160079840518051E-01   5.907121262143634E-01  -8.384586757896602E+05
 -4.908271774048507E-01   6.050066116572203E-01   5.617107952511615E-01  -8.384586757896602E+05
 -4.605800035551906E-01   5.881857780987658E-01   5.325223092699163E-01  -8.384586757896602E+05
 -4.338327575046119E-01   5.657977020044180E-01   5.036657808649626E-01  -8.384586757896602E+05
 -4.112411329128425E-01   5.383458326722091E-01   4.756439758410575E-01  -8.384586757896602E+05
 -3.932854209101006E-01   5.065373661897538E-01   4.488968992613809E-01  -8.384586757896602E+05
 -3.802309859457015E-01   4.712135799064164E-01   4.237544389984214E-01  -8.384586757896602E+05
 -3.721269579453992E-01   4.332715633861960E-01   4.003930717506073E-01  -8.384586757896602E+05
 -3.688398435782982E-01   3.935932361511052E-01   3.788016140634016E-01  -8.384586757896602E+05
 -3.701095952685227E-01   3.529960248471771E-01   3.587607799690471E-01  -8.384586757896602E+05
 -3.756102201107374E-01   3.122143422766094E-01   3.398409138926455E-01  -8.384586757896602E+05
 -3.849969201868126E-01   2.719132221402749E-01   3.214215142153037E-01  -8.384586757896602E+05
 -3.979270335560168E-01   2.327270525648153E-01   3.027347139822397E-01  -8.384586757896602E+05
 -4.140510286593980E-01   1.953095296300138E-01   2.829324378856608E-01  -8.384586757896602E+05
 -4.329796932389836E-01   1.603775873541179E-01   2.611734618130727E-01  -8.384586757896602E+05
 -4.542414054826832E-01   1.287331355379512E-01   2.367224410313981E-01  -8.384586757896602E+05
 -4.772466514841431E-01   1.012517500669263E-01   2.090489755632121E-01  -8.384586757896602E+05
 -5.012748695927134E-01   7.883566866542142E-02   1.779120706482311E-01  -8.384586757896602E+05
 -5.254920540901368E-01   6.233743810012622E-02   1.434150280463481E-01  -8.384586757896602E+05
 -5.489985188055286E-01   5.246805054884623E-02   1.060185666112669E-01  -8.384586757896602E+05
 -5.708976384997594E-01   4.970756540184131E-02   6.650578988476172E-02  -8.384586757896602E+05
 -5.903708197054691E-01   5.423613724644180E-02   2.590061042187812E-02  -8.384586757896602E+05
 -6.067429103439332E-01   6.589927985454677E-02  -1.465020693687145E-02  -8.384586757896602E+05
 -6.195257660625375E-01   8.421428774697812E-02  -5.401407190795463E-02  -8.384586757896602E+05
 -6.284343745211374E-01   1.084167850436124E-01  -9.120739922402990E-02  -8.384586757896602E+05
 -6.333775398054615E-01   1.375392010063241E-01  -1.255073053545920E-01  -8.384586757896602E+05
 -6.344312840556831E-01   1.705079852175995E-01  -1.565238888314843E-01  -8.384586757896602E+05
 -6.318061181198062E-01   2.062442652914563E-01  -1.842247202017482E-01  -8.384586757896602E+05
 -6.258185938979816E-01   2.437533619002733E-01  -2.089124097184822E-01  -8.384586757896602E+05
 -6.168737268710660E-01   2.821914915030851E-01  -2.311644476124974E-01  -8.384586757896602E+05
 -6.054595162332308E-01   3.209022282729104E-01  -2.517499729927033E-01  -8.384586757896602E+05
 -5.921497515492715E-01   3.594200211513597E-01  -2.715396156784001E-01  -8.384586757896602E+05
 -5.776081171946524E-01   3.974426466211170E-01  -2.914221010492811E-01  -8.384586757896602E+05
 -5.625860467163410E-01   4.347785451221092E-01  -3.122360350440476E-01  -8.384586757896602E+05
 -5.479086691799606E-01   4.712783060707286E-01  -3.347190416238895E-01  -8.384586757896602E+05
 -5.344466156715441E-01   5.067619002397253E-01  -3.594711982355435E-01  -8.384586757896602E+05
 -5.230751736279280E-01   5.409542856338003E-01  -3.869270290902192E-01  -8.384586757896602E+05
 -5.146251865188071E-01   5.734413511455139E-01  -4.173307761260979E-01  -8.384586757896602E+05
 -5.098315821857374E-01   6.036555244357006E-01  -4.507128036685764E-01  -8.384586757896602E+05
 -5.092854632132767E-01   6.308957837600804E-01  -4.868694437732959E-01  -8.384586757896602E+05
 -5.133947640580818E-01   6.543807937687746E-01  -5.253525613456635E-01  -8.384586757896602E+05
 -5.223572001781812E-01   6.733274666141671E-01  -5.654769735966538E-01  -8.384586757896602E+05
 -5.361480838127003E-01   6.870418134938183E-01  -6.063526480023057E-01  -8.384586757896602E+05
 -5.545246899051207E-01   6.950058801885789E-01  -6.469443786210545E-01  -8.384586757896602E+05
 -5.770480021288521E-01   6.969448134029862E-01  -6.861554542915397E-01  -8.384586757896602E+05
 -6.031214635690312E-01   6.928618674299629E-01  -7.229254249304889E-01  -8.384586757896602E+05
 -6.320445219453793E-01   6.830356946121765E-01  -7.563273519820571E-01  -8.384586757896602E+05
 -6.630763702441115E-01   6.679820415814005E-01  -7.856483981217552E-01  -8.384586757896602E+05
 -6.955028490918658E-01   6.483890782303036E-01  -8.104399137052699E-01  -8.384586757896602E+05
 -7.286978105388724E-01   6.250402539661223E-01  -8.305289005979406E-01   0.000000000000000E+00 3 RotatedCurve12 
 -7.286978105388724E-01  -6.250402539661223E-01   8.305289005979406E-01   8.384586757896602E+05
 -7.621701600468216E-01  -5.987397175711041E-01   8.459905172283275E-01   8.384586757896602E+05
 -7.955897542058959E-01  -5.702528631695916E-01   8.570892017769617E-01   8.384586757896602E+05
 -8.287891731886677E-01  -5.402693976634613E-01   8.642020678428143E-01   8.384586757896602E+05
 -8.617432711282208E-01  -5.093900934479193E-01   8.677410022478839E-01   8.384586757896602E+05
 -8.945330267277012E-01  -4.781329051341855E-01   8.680887845753544E-01   8.384586757896602E+05
 -9.273032011243100E-01  -4.469508146941080E-01   8.655599842622997E-01   8.384586757896602E+05
 -9.602237015829375E-01  -4.162532414999669E-01   8.603906718545318E-01   8.384586757896602E+05
 -9.934621638727079E-01  -3.864247819510098E-01   8.527538942362739E-01   8.384586757896602E+05
 -1.027170808040145E+00  -3.578383381178336E-01   8.427921934310197E-01   8.384586757896602E+05
 -1.061485493806254E+00  -3.308629420883736E-01   8.306555051668075E-01   8.384586757896602E+05
 -1.096530757839492E+00  -3.058685674144635E-01   8.165330725832580E-01   8.384586757896602E+05
 -1.132422813521531E+00  -2.832303488177292E-01   8.006711826284851E-01   8.384586757896602E+05
 -1.169263630308353E+00  -2.633331125260245E-01   7.833734753082463E-01   8.384586757896602E+05
 -1.207122903112641E+00  -2.465748309970898E-01   7.649857962486765E-01   8.384586757896602E+05
 -1.246009729157114E+00  -2.333657349563250E-01   7.458716086832303E-01   8.384586757896602E+05
 -1.285840436051263E+00  -2.241193435038845E-01   7.263858367775901E-01   8.384586757896602E+05
 -1.326411671800834E+00  -2.192330351503347E-01   7.068543553963643E-01   8.384586757896602E+05
 -1.367387641438457E+00  -2.190586556482546E-01   6.875635910120744E-01   8.384586757896602E+05
 -1.408307277175132E+00  -2.238670832665247E-01   6.687608532825412E-01   8.384586757896602E+05
 -1.448612121199498E+00  -2.338134089151495E-01   6.506623356111160E-01   8.384586757896602E+05
 -1.487690354682063E+00  -2.489103794804237E-01   6.334633426738298E-01   8.384586757896602E+05
 -1.524928376860566E+00  -2.690165194400689E-01   6.173449061495792E-01   8.384586757896602E+05
 -1.559759815508572E+00  -2.938421742960400E-01   6.024725769894624E-01   8.384586757896602E+05
 -1.591703189286655E+00  -3.229725657501351E-01   5.889862391901056E-01   8.384586757896602E+05
 -1.620383079130232E+00  -3.559031022823409E-01   5.769832455417510E-01   8.384586757896602E+05
 -1.645534343759436E+00  -3.920798187365703E-01   5.664998903781869E-01   8.384586757896602E+05
 -1.666993133032698E+00  -4.309375692334726E-01   5.574973155296367E-01   8.384586757896602E+05
 -1.684680973470251E+00  -4.719303819148299E-01   5.498570260963507E-01   8.384586757896602E+05
 -1.698588435820093E+00  -5.145514425619490E-01   5.433885438964776E-01   8.384586757896602E+05
 -1.708763056282685E+00  -5.583433752945310E-01   5.378481736878137E-01   8.384586757896602E+05
 -1.715303147207514E+00  -6.029017503256272E-01   5.329645202695144E-01   8.384586757896602E+05
 -1.718356090328000E+00  -6.478754252879712E-01   5.284643345811942E-01   8.384586757896602E+05
 -1.718117727555283E+00  -6.929664171055793E-01   5.240921497479053E-01   8.384586757896602E+05
 -1.714829143535824E+00  -7.379301089180371E-01   5.196190499478105E-01   8.384586757896602E+05
 -1.708768417774239E+00  -7.825746609456299E-01   5.148392208464323E-01   8.384586757896602E+05
 -1.700237186586216E+00  -8.267574062091178E-01   5.095566330500438E-01   8.384586757896602E+05
 -1.689544167264858E+00  -8.703762604098964E-01   5.035671561426699E-01   8.384586757896602E+05
 -1.676989281856736E+00  -9.133556613764998E-01   4.966426789573640E-01   8.384586757896602E+05
 -1.662852161679408E+00  -9.556286424108222E-01   4.885230446224093E-01   8.384586757896602E+05
 -1.647387621323600E+00  -9.971184287757452E-01   4.789190740094816E-01   8.384586757896602E+05
 -1.630828645425417E+00  -1.037723620512381E+00   4.675264879591673E-01   8.384586757896602E+05
 -1.613395284237322E+00  -1.077310213709055E+00   4.540472720550345E-01   8.384586757896602E+05
 -1.595306335122510E+00  -1.115711638216339E+00   4.382129977402783E-01   8.384586757896602E+05
 -1.576790247532492E+00  -1.152735398630092E+00   4.198044331772667E-01   8.384586757896602E+05
 -1.558092364984174E+00  -1.188172785958886E+00   3.986634332090354E-01   8.384586757896602E+05
 -1.539477056442704E+00  -1.221807327656736E+00   3.746959618968465E-01   8.384586757896602E+05
 -1.521224914489342E+00  -1.253418531946388E+00   3.478681489569694E-01   8.384586757896602E+05
 -1.503626438185806E+00  -1.282779785446007E+00   3.181994452588260E-01   8.384586757896602E+05
 -1.486974116228792E+00  -1.309652147224589E+00   2.857574785869824E-01   8.384586757896602E+05
 -1.471554541501630E+00  -1.333778150651995E+00   2.506579551123921E-01   8.384586757896602E+05
 -1.457641378692236E+00  -1.354880622874252E+00   2.130703760154357E-01   8.384586757896602E+05
 -1.445489094581090E+00  -1.372670513282511E+00   1.732273848664583E-01   8.384586757896602E+05
 -1.435326752997951E+00  -1.386865031074610E+00   1.314333136144224E-01   8.384586757896602E+05
 -1.427351109074582E+00  -1.397213896845818E+00   8.806679824864794E-02   8.384586757896602E+05
 -1.421718700165483E+00  -1.403528410872693E+00   4.357349588392436E-02   8.384586757896602E+05
 -1.418537395254985E+00  -1.405706434365596E+00  -1.552391672961605E-03   8.384586757896602E+05
 -1.417858593178903E+00  -1.403746884448158E+00  -4.679577868450208E-02   8.384586757896602E+05
 -1.419671646000435E+00  -1.397749861943554E+00  -9.165271173869266E-02   8.384586757896602E+05
 -1.423901966020514E+00  -1.387902281467070E+00  -1.356605388991281E-01   8.384586757896602E+05
 -1.430413683690365E+00  -1.374452658097271E+00  -1.784205726470820E-01   8.384586757896602E+05
 -1.439016850581297E+00  -1.357681323538279E+00  -2.196098634266369E-01   8.384586757896602E+05
 -1.449478292046404E+00  -1.337873003899198E+00  -2.589819308426951E-01   8.384586757896602E+05
 -1.461534546450852E+00  -1.315297266620920E+00  -2.963593841010762E-01   8.384586757896602E+05
 -1.474905018840622E+00  -1.290199404084278E+00  -3.316232650554824E-01   8.384586757896602E+05
 -1.489303540883359E+00  -1.262800910237584E+00  -3.647040552067450E-01   8.384586757896602E+05
 -1.504446886858180E+00  -1.233305969172959E+00  -3.955776299791635E-01   8.384586757896602E+05
 -1.520059332352207E+00  -1.201909160678824E+00  -4.242666728674672E-01   8.384586757896602E+05
 -1.535872959126199E+00  -1.168800175085877E+00  -4.508452220180121E-01   8.384586757896602E+05
 -1.551624045082468E+00  -1.134163359476576E+00  -4.754421716369748E-01   8.384586757896602E+05
 -1.567046494438619E+00  -1.098172556213633E+00  -4.982393847601552E-01   8.384586757896602E+05
 -1.581863810284242E+00  -1.060983955112049E+00  -5.194616713375729E-01   8.384586757896602E+05
 -1.595781500324120E+00  -1.022730777438703E+00  -5.393586787847263E-01   8.384586757896602E+05
 -1.608481912683461E+00  -9.835232250413584E-01  -5.581817181598825E-01   8.384586757896602E+05
 -1.619623208314088E+00  -9.434554911124570E-01  -5.761606118028799E-01   8.384586757896602E+05
 -1.628843455283986E+00  -9.026193975505491E-01  -5.934860132830623E-01   8.384586757896602E+05
 -1.635769781573245E+00  -8.611222147814307E-01  -6.103011319308274E-01   8.384586757896602E+05
 -1.640031399505776E+00  -8.191051027956529E-01  -6.267038796207438E-01   8.384586757896602E+05
 -1.641274460601990E+00  -7.767586765414382E-01  -6.427571430624978E-01   8.384586757896602E+05
 -1.639176432511853E+00  -7.343332785066988E-01  -6.585023278497711E-01   8.384586757896602E+05
 -1.633458165009513E+00  -6.921431145718796E-01  -6.739704308088714E-01   8.384586757896602E+05
 -1.623892923533119E+00  -6.505648265256326E-01  -6.891860127979903E-01   8.384586757896602E+05
 -1.610313040277300E+00  -6.100318207962584E-01  -7.041622055751544E-01   8.384586757896602E+05
 -1.592615921860230E+00  -5.710255613108837E-01  -7.188883552519031E-01   8.384586757896602E+05
 -1.570771442428518E+00  -5.340642621081197E-01  -7.333148855252347E-01   8.384586757896602E+05
 -1.544831966865478E+00  -4.996884645490355E-01  -7.473414160070924E-01   8.384586757896602E+05
 -1.514944511656996E+00  -4.684424134424057E-01  -7.608135688373865E-01   8.384586757896602E+05
 -1.481362397612618E+00  -4.408503580402816E-01  -7.735314103929686E-01   8.384586757896602E+05
 -1.444451987672120E+00  -4.173879751072719E-01  -7.852689111068499E-01   8.384586757896602E+05
 -1.404689541816123E+00  -3.984507555493482E-01  -7.958003321634779E-01   8.384586757896602E+05
 -1.362644352606763E+00  -3.843228629113326E-01  -8.049271938177338E-01   8.384586757896602E+05
 -1.318947091653139E+00  -3.751510453321618E-01  -8.124991626056423E-01   8.384586757896602E+05
 -1.274246033656711E+00  -3.709282010297189E-01  -8.184238855125332E-01   8.384586757896602E+05
 -1.229157420959748E+00  -3.714900165566045E-01  -8.226639187607757E-01   8.384586757896602E+05
 -1.184218483394673E+00  -3.765259378199174E-01  -8.252224299076744E-01   8.384586757896602E+05
 -1.139851660008769E+00  -3.856031077455045E-01  -8.261221927007507E-01   8.384586757896602E+05
 -1.096346180210071E+00  -3.981994503515994E-01  -8.253837262836635E-01   8.384586757896602E+05
 -1.053858959766077E+00  -4.137403762099366E-01  -8.230079738973162E-01   8.384586757896602E+05
 -1.012432019655361E+00  -4.316329954286464E-01  -8.189669887725577E-01   8.384586757896602E+05
 -9.720198708907261E-01  -4.512923401967594E-01  -8.132034636669961E-01   8.384586757896602E+05
 -9.325187887245511E-01  -4.721557519609271E-01  -8.056375288020688E-01   8.384586757896602E+05
 -8.937911543869695E-01  -4.936839371251956E-01  -7.961778015406799E-01   8.384586757896602E+05
 -8.556816322786057E-01  -5.153498243974656E-01  -7.847335317037205E-01   8.384586757896602E+05
 -8.180265675317984E-01  -5.366188540684561E-01  -7.712256801503113E-01   8.384586757896602E+05
 -7.806618799323622E-01  -5.569263218227942E-01  -7.555963288548527E-01   8.384586757896602E+05
 -7.434363109037939E-01  -5.756585611015856E-01  -7.378172240195155E-01   8.384586757896602E+05
 -7.062353294063989E-01  -5.921448056350332E-01  -7.178988989190397E-01   8.384586757896602E+05
 -6.690166202876124E-01  -6.056653426090997E-01  -6.959014504475219E-01   8.384586757896602E+05
 -6.318522623440094E-01  -6.154790229099503E-01  -6.719468121311521E-01   8.384586757896602E+05
 -5.949675257368724E-01  -6.208695647122306E-01  -6.462307729849888E-01   8.384586757896602E+05
 -5.587637321279794E-01  -6.212059085525417E-01  -6.190316668256404E-01   8.384586757896602E+05
 -5.238141216780877E-01  -6.160079840518051E-01  -5.907121262143634E-01   8.384586757896602E+05
 -4.908271774048507E-01  -6.050066116572203E-01  -5.617107952511615E-01   8.384586757896602E+05
 -4.605800035551906E-01  -5.881857780987658E-01  -5.325223092699163E-01   8.384586757896602E+05
 -4.338327575046119E-01  -5.657977020044180E-01  -5.036657808649626E-01   8.384586757896602E+05
 -4.112411329128425E-01  -5.383458326722091E-01  -4.756439758410575E-01   8.384586757896602E+05
 -3.932854209101006E-01  -5.065373661897538E-01  -4.488968992613809E-01   8.384586757896602E+05
 -3.802309859457015E-01  -4.712135799064164E-01  -4.237544389984214E-01   8.384586757896602E+05
 -3.721269579453992E-01  -4.332715633861960E-01  -4.003930717506073E-01   8.384586757896602E+05
 -3.688398435782982E-01  -3.935932361511052E-01  -3.788016140634016E-01   8.384586757896602E+05
 -3.701095952685227E-01  -3.529960248471771E-01  -3.587607799690471E-01   8.384586757896602E+05
 -3.756102201107374E-01  -3.122143422766094E-01  -3.398409138926455E-01   8.384586757896602E+05
 -3.849969201868126E-01  -2.719132221402749E-01  -3.214215142153037E-01   8.384586757896602E+05
 -3.979270335560168E-01  -2.327270525648153E-01  -3.027347139822397E-01   8.384586757896602E+05
 -4.140510286593980E-01  -1.953095296300138E-01  -2.829324378856608E-01   8.384586757896602E+05
 -4.329796932389836E-01  -1.603775873541179E-01  -2.611734618130727E-01   8.384586757896602E+05
 -4.542414054826832E-01  -1.287331355379512E-01  -2.367224410313981E-01   8.384586757896602E+05
 -4.772466514841431E-01  -1.012517500669263E-01  -2.090489755632121E-01   8.384586757896602E+05
 -5.012748695927134E-01  -7.883566866542142E-02  -1.779120706482311E-01   8.384586757896602E+05
 -5.254920540901368E-01  -6.233743810012622E-02  -1.434150280463481E-01   8.384586757896602E+05
 -5.489985188055286E-01  -5.246805054884623E-02  -1.060185666112669E-01   8.384586757896602E+05
 -5.708976384997594E-01  -4.970756540184131E-02  -6.650578988476172E-02   8.384586757896602E+05
 -5.903708197054691E-01  -5.423613724644180E-02  -2.590061042187812E-02   8.384586757896602E+05
 -6.067429103439332E-01  -6.589927985454677E-02   1.465020693687145E-02   8.384586757896602E+05
 -6.195257660625375E-01  -8.421428774697812E-02   5.401407190795463E-02   8.384586757896602E+05
 -6.284343745211374E-01  -1.084167850436124E-01   9.120739922402990E-02   8.384586757896602E+05
 -6.333775398054615E-01  -1.375392010063241E-01   1.255073053545920E-01   8.384586757896602E+05
 -6.344312840556831E-01  -1.705079852175995E-01   1.565238888314843E-01   8.384586757896602E+05
 -6.318061181198062E-01  -2.062442652914563E-01   1.842247202017482E-01   8.384586757896602E+05
 -6.258185938979816E-01  -2.437533619002733E-01   2.089124097184822E-01   8.384586757896602E+05
 -6.168737268710660E-01  -2.821914915030851E-01   2.311644476124974E-01   8.384586757896602E+05
 -6.054595162332308E-01  -3.209022282729104E-01   2.517499729927033E-01   8.384586757896602E+05
 -5.921497515492715E-01  -3.594200211513597E-01   2.715396156784001E-01   8.384586757896602E+05
 -5.776081171946524E-01  -3.974426466211170E-01   2.914221010492811E-01   8.384586757896602E+05
 -5.625860467163410E-01  -4.347785451221092E-01   3.122360350440476E-01   8.384586757896602E+05
 -5.479086691799606E-01  -4.712783060707286E-01   3.347190416238895E-01   8.384586757896602E+05
 -5.344466156715441E-01  -5.067619002397253E-01   3.594711982355435E-01   8.384586757896602E+05
 -5.230751736279280E-01  -5.409542856338003E-01   3.869270290902192E-01   8.384586757896602E+05
 -5.146251865188071E-01  -5.734413511455139E-01   4.173307761260979E-01   8.384586757896602E+05
 -5.098315821857374E-01  -6.036555244357006E-01   4.507128036685764E-01   8.384586757896602E+05
 -5.092854632132767E-01  -6.308957837600804E-01   4.868694437732959E-01   8.384586757896602E+05
 -5.133947640580818E-01  -6.543807937687746E-01   5.253525613456635E-01   8.384586757896602E+05
 -5.223572001781812E-01  -6.733274666141671E-01   5.654769735966538E-01   8.384586757896602E+05
 -5.361480838127003E-01  -6.870418134938183E-01   6.063526480023057E-01   8.384586757896602E+05
 -5.545246899051207E-01  -6.950058801885789E-01   6.469443786210545E-01   8.384586757896602E+05
 -5.770480021288521E-01  -6.969448134029862E-01   6.861554542915397E-01   8.384586757896602E+05
 -6.031214635690312E-01  -6.928618674299629E-01   7.229254249304889E-01   8.384586757896602E+05
 -6.320445219453793E-01  -6.830356946121765E-01   7.563273519820571E-01   8.384586757896602E+05
 -6.630763702441115E-01  -6.679820415814005E-01   7.856483981217552E-01   8.384586757896602E+05
 -6.955028490918658E-01  -6.483890782303036E-01   8.104399137052699E-01   8.384586757896602E+05
 -7.286978105388724E-01  -6.250402539661223E-01   8.305289005979406E-01   0.000000000000000E+00 4 RotatedCurve13 
 -1.769518330531033E-01  -9.435909425918244E-01  -8.305289005979406E-01  -8.384586757896602E+05
 -1.374387256478857E-01  -9.594285793925510E-01  -8.459905172283275E-01  -8.384586757896602E+05
 -9.605858898273009E-02  -9.741273697177192E-01  -8.570892017769617E-01  -8.384586757896602E+05
 -5.349243666954095E-02  -9.878871771946178E-01  -8.642020678428143E-01  -8.384586757896602E+05
 -1.027312579791723E-02  -1.000986611061300E+00  -8.677410022478839E-01  -8.384586757896602E+05
  3.319127113239056E-02  -1.013754778237466E+00  -8.680887845753544E-01  -8.384586757896602E+05
  7.658084079490590E-02  -1.026543536531337E+00  -8.655599842622997E-01  -8.384586757896602E+05
  1.196259692448781E-01  -1.039704739636735E+00  -8.603906718545318E-01  -8.384586757896602E+05
  1.620774041149167E-01  -1.053575862587929E+00  -8.527538942362739E-01  -8.384586757896602E+05
  2.036883127620226E-01  -1.068475182847471E+00  -8.427921934310197E-01  -8.384586757896602E+05
  2.442070338837355E-01  -1.084704874429072E+00  -8.306555051668075E-01  -8.384586757896602E+05
  2.833754293196669E-01  -1.102557776027234E+00  -8.165330725832580E-01  -8.384586757896602E+05
  3.209267295618839E-01  -1.122322098743559E+00  -8.006711826284851E-01  -8.384586757896602E+05
  3.565786500490125E-01  -1.144278563831262E+00  -7.833734753082463E-01  -8.384586757896602E+05
  3.900213839789856E-01  -1.168686515084114E+00  -7.649857962486765E-01  -8.384586757896602E+05
  4.209042097335531E-01  -1.195758946290792E+00  -7.458716086832303E-01  -8.384586757896602E+05
  4.488271730717763E-01  -1.225630154585597E+00  -7.263858367775901E-01  -8.384586757896602E+05
  4.733444581114601E-01  -1.258322721230877E+00  -7.068543553963643E-01  -8.384586757896602E+05
  4.939834600089720E-01  -1.293721762130718E+00  -6.875635910120744E-01  -8.384586757896602E+05
  5.102790574076291E-01  -1.331563420001420E+00  -6.687608532825412E-01  -8.384586757896602E+05
  5.218177087337904E-01  -1.371441601646403E+00  -6.506623356111160E-01  -8.384586757896602E+05
  5.282824654453595E-01  -1.412832829859961E+00  -6.334633426738298E-01  -8.384586757896602E+05
  5.294890485575124E-01  -1.455134973033055E+00  -6.173449061495792E-01  -8.384586757896602E+05
  5.254051201106603E-01  -1.497712711180573E+00  -6.024725769894624E-01  -8.384586757896602E+05
  5.161491479782701E-01  -1.539941680082022E+00  -5.889862391901056E-01  -8.384586757896602E+05
  5.019704117029167E-01  -1.581244461530402E+00  -5.769832455417510E-01  -8.384586757896602E+05
  4.832160885426495E-01  -1.621114453863712E+00  -5.664998903781869E-01  -8.384586757896602E+05
  4.602936841150458E-01  -1.659127185757265E+00  -5.574973155296367E-01  -8.384586757896602E+05
  4.336367871791902E-01  -1.694941711254951E+00  -5.498570260963507E-01  -8.384586757896602E+05
  4.036795970974685E-01  -1.728296457275649E+00  -5.433885438964776E-01  -8.384586757896602E+05
  3.708419811015295E-01  -1.759003903436410E+00  -5.378481736878137E-01  -8.384586757896602E+05
  3.355233418356604E-01  -1.786946975835920E+00  -5.329645202695144E-01  -8.384586757896602E+05
  2.981014683769689E-01  -1.812077739615741E+00  -5.284643345811942E-01  -8.384586757896602E+05
  2.589323425947258E-01  -1.834416807308056E+00  -5.240921497479053E-01  -8.384586757896602E+05
  2.183483512274734E-01  -1.854050655910953E+00  -5.196190499478105E-01  -8.384586757896602E+05
  1.766546721502097E-01  -1.871124189449847E+00  -5.148392208464323E-01  -8.384586757896602E+05
  1.341256767490811E-01  -1.885827299147205E+00  -5.095566330500438E-01  -8.384586757896602E+05
  9.100413126655837E-02  -1.898376299872140E+00  -5.035671561426699E-01  -8.384586757896602E+05
  4.750543548598087E-02  -1.908993150650405E+00  -4.966426789573640E-01  -8.384586757896602E+05
  3.827399927895852E-03  -1.917886535957647E+00  -4.885230446224093E-01  -8.384586757896602E+05
 -3.983607923962020E-02  -1.925238744334129E+00  -4.789190740094816E-01  -8.384586757896602E+05
 -8.328069475817719E-02  -1.931200846413966E+00  -4.675264879591673E-01  -8.384586757896602E+05
 -1.262803707098235E-01  -1.935896409350063E+00  -4.540472720550345E-01  -8.384586757896602E+05
 -1.685814544320478E-01  -1.939431632142514E+00  -4.382129977402783E-01  -8.384586757896602E+05
 -2.099030152889959E-01  -1.941908110117737E+00  -4.198044331772667E-01  -8.384586757896602E+05
 -2.499416342336396E-01  -1.943433962498313E+00  -3.986634332090354E-01  -8.384586757896602E+05
 -2.883776560593590E-01  -1.944129903251039E+00  -3.746959618968465E-01  -8.384586757896602E+05
 -3.248798329950987E-01  -1.944128686790775E+00  -3.478681489569694E-01  -8.384586757896602E+05
 -3.591066625644914E-01  -1.943568585993824E+00  -3.181994452588260E-01  -8.384586757896602E+05
 -3.907049715029361E-01  -1.942583433036343E+00  -2.857574785869824E-01  -8.384586757896602E+05
 -4.193084907264413E-01  -1.941292691320770E+00  -2.506579551123921E-01  -8.384586757896602E+05
 -4.445403491582687E-01  -1.939794774991976E+00  -2.130703760154357E-01  -8.384586757896602E+05
 -4.660229882379351E-01  -1.938165533441846E+00  -1.732273848664583E-01  -8.384586757896602E+05
 -4.833969720319324E-01  -1.936461946364963E+00  -1.314333136144224E-01  -8.384586757896602E+05
 -4.963471746518385E-01  -1.934729269001390E+00  -8.806679824864794E-02  -8.384586757896602E+05
 -5.046319086662148E-01  -1.933008716815046E+00  -4.357349588392436E-02  -8.384586757896602E+05
 -5.081087847963572E-01  -1.931342637691822E+00   1.552391672961605E-03  -8.384586757896602E+05
 -5.067511658259130E-01  -1.929775002891075E+00   4.679577868450208E-02  -8.384586757896602E+05
 -5.006510655790931E-01  -1.928346641440623E+00   9.165271173869266E-02  -8.384586757896602E+05
 -4.900076507106068E-01  -1.927086415805907E+00   1.356605388991281E-01  -8.384586757896602E+05
 -4.751040763661027E-01  -1.926000917045370E+00   1.784205726470820E-01  -8.384586757896602E+05
 -4.562780911371812E-01  -1.925065810846418E+00   2.196098634266369E-01  -8.384586757896602E+05
 -4.338928623909012E-01  -1.924221525095865E+00   2.589819308426951E-01  -8.384586757896602E+05
 -4.083135731965252E-01  -1.923374679045465E+00   2.963593841010762E-01  -8.384586757896602E+05
 -3.798929504642189E-01  -1.922404916527284E+00   3.316232650554824E-01  -8.384586757896602E+05
 -3.489658977461814E-01  -1.921175155469897E+00   3.647040552067450E-01  -8.384586757896602E+05
 -3.158508565136809E-01  -1.919542207250076E+00   3.955776299791635E-01  -8.384586757896602E+05
 -2.808542000129912E-01  -1.917364577416036E+00   4.242666728674672E-01  -8.384586757896602E+05
 -2.442741640089705E-01  -1.914505087131805E+00   4.508452220180121E-01  -8.384586757896602E+05
 -2.064022588069835E-01  -1.910827519902477E+00   4.754421716369748E-01  -8.384586757896602E+05
 -1.675220842005913E-01  -1.906188351202011E+00   4.982393847601552E-01  -8.384586757896602E+05
 -1.279071529926026E-01  -1.900426222589426E+00   5.194616713375729E-01  -8.384586757896602E+05
 -8.782008433206655E-02  -1.893352706889285E+00   5.393586787847263E-01  -8.384586757896602E+05
 -4.751514175608602E-02  -1.884747810432340E+00   5.581817181598825E-01  -8.384586757896602E+05
 -7.244818486268174E-03  -1.874362588515085E+00   5.761606118028799E-01  -8.384586757896602E+05
  3.273039941461151E-02  -1.861929509839229E+00   5.934860132830623E-01  -8.384586757896602E+05
  7.213117702278317E-02  -1.847179292976068E+00   6.103011319308274E-01  -8.384586757896602E+05
  1.106498723623882E-01  -1.829861406373974E+00   6.267038796207438E-01  -8.384586757896602E+05
  1.479444838061293E-01  -1.809764715734645E+00   6.427571430624978E-01  -8.384586757896602E+05
  1.836369422248113E-01  -1.786735071093362E+00   6.585023278497711E-01  -8.384586757896602E+05
  2.173155622310252E-01  -1.760687824203292E+00   6.739704308088714E-01  -8.384586757896602E+05
  2.485407951867448E-01  -1.731614938068279E+00   6.891860127979903E-01  -8.384586757896602E+05
  2.768534662122137E-01  -1.699587911323625E+00   7.041622055751544E-01  -8.384586757896602E+05
  3.017853186246208E-01  -1.664758627457974E+00   7.188883552519031E-01  -8.384586757896602E+05
  3.228725029752357E-01  -1.627360103736282E+00   7.333148855252347E-01  -8.384586757896602E+05
  3.396730791552335E-01  -1.587707960158302E+00   7.473414160070924E-01  -8.384586757896602E+05
  3.517892255772809E-01  -1.546201639139972E+00   7.608135688373865E-01  -8.384586757896602E+05
  3.588935894759591E-01  -1.503322647563692E+00   7.735314103929686E-01  -8.384586757896602E+05
  3.607574041590151E-01  -1.459626103424619E+00   7.852689111068499E-01  -8.384586757896602E+05
  3.572762944452220E-01  -1.415722205417760E+00   7.958003321634779E-01  -8.384586757896602E+05
  3.484888137670029E-01  -1.372246057136524E+00   8.049271938177338E-01  -8.384586757896602E+05
  3.345832103126292E-01  -1.329817210285301E+00   8.124991626056423E-01  -8.384586757896602E+05
  3.158897717565571E-01  -1.288993536333132E+00   8.184238855125332E-01  -8.384586757896602E+05
  2.928589188895527E-01  -1.250226560079608E+00   8.226639187607757E-01  -8.384586757896602E+05
  2.660282143615276E-01  -1.213826259160826E+00   8.252224299076744E-01  -8.384586757896602E+05
  2.359837429185490E-01  -1.179942047986209E+00   8.261221927007507E-01  -8.384586757896602E+05
  2.033222503275495E-01  -1.148563368579753E+00   8.253837262836635E-01  -8.384586757896602E+05
  1.686198035139025E-01  -1.119538819268234E+00   8.230079738973162E-01  -8.384586757896602E+05
  1.324108706748997E-01  -1.092608346340652E+00   8.189669887725577E-01  -8.384586757896602E+05
  9.517930430163987E-02  -1.067440071273019E+00   8.132034636669961E-01  -8.384586757896602E+05
  5.736051862116803E-02  -1.043662836522218E+00   8.056375288020688E-01  -8.384586757896602E+05
  1.935274620274547E-02  -1.020887813939533E+00   7.961778015406799E-01  -8.384586757896602E+05
 -1.846522362475214E-02  -9.987169433037399E-01   7.847335317037205E-01  -8.384586757896602E+05
 -5.571227600707870E-02  -9.767412154873522E-01   7.712256801503113E-01  -8.384586757896602E+05
 -9.198140276858682E-02  -9.545361806989401E-01   7.555963288548527E-01  -8.384586757896602E+05
 -1.268167823680731E-01  -9.316640118892645E-01   7.378172240195155E-01  -8.384586757896602E+05
 -1.596947796957385E-01  -9.076901391335294E-01   7.178988989190397E-01  -8.384586757896602E+05
 -1.900132627474799E-01  -8.822180600276298E-01   6.959014504475219E-01  -8.384586757896602E+05
 -2.170943381644372E-01  -8.549396220835569E-01   6.719468121311521E-01  -8.384586757896602E+05
 -2.402050526089423E-01  -8.256917740710186E-01   6.462307729849888E-01  -8.384586757896602E+05
 -2.585982317235046E-01  -7.945065410125040E-01   6.190316668256404E-01  -8.384586757896602E+05
 -2.715715022838590E-01  -7.616403282601594E-01   5.907121262143634E-01  -8.384586757896602E+05
 -2.785375064502742E-01  -7.275721103290221E-01   5.617107952511615E-01  -8.384586757896602E+05
 -2.790938242006529E-01  -6.929668726033049E-01   5.325223092699163E-01  -8.384586757896602E+05
 -2.730788045863780E-01  -6.586090399950569E-01   5.036657808649626E-01  -8.384586757896602E+05
 -2.606006006591987E-01  -6.253181845197189E-01   4.756439758410575E-01  -8.384586757896602E+05
 -2.420315166313374E-01  -5.938638485410797E-01   4.488968992613809E-01  -8.384586757896602E+05
 -2.179674378343145E-01  -5.648964830881895E-01   4.237544389984214E-01  -8.384586757896602E+05
 -1.891607016571459E-01  -5.389071807068371E-01   4.003930717506073E-01  -8.384586757896602E+05
 -1.564418194754358E-01  -5.162212925422375E-01   3.788016140634016E-01  -8.384586757896602E+05
 -1.206487273183172E-01  -4.970223241105060E-01   3.587607799690471E-01  -8.384586757896602E+05
 -8.258044178202505E-02  -4.813951636752679E-01   3.398409138926455E-01  -8.384586757896602E+05
 -4.298529790495316E-02  -4.693737243306871E-01   3.214215142153037E-01  -8.384586757896602E+05
 -2.584022890998180E-03  -4.609784461945010E-01   3.027347139822397E-01  -8.384586757896602E+05
  3.788250006891734E-02  -4.562334740971243E-01   2.829324378856608E-01  -8.384586757896602E+05
  7.759878177316758E-02  -4.551602073448121E-01   2.611734618130727E-01  -8.384586757896602E+05
  1.156345370566503E-01  -4.577511643677273E-01   2.367224410313981E-01  -8.384586757896602E+05
  1.509367380064805E-01  -4.639335990897895E-01   2.090489755632121E-01  -8.384586757896602E+05
  1.823637430077688E-01  -4.735346056787322E-01   1.779120706482311E-01  -8.384586757896602E+05
  2.087602220435189E-01  -4.862581873789879E-01   1.434150280463481E-01  -8.384586757896602E+05
  2.290605947404172E-01  -5.016806892000398E-01   1.060185666112669E-01  -8.384586757896602E+05
  2.424008048516085E-01  -5.192656406022573E-01   6.650578988476172E-02  -8.384586757896602E+05
  2.482155371941764E-01  -5.383941961411999E-01   2.590061042187812E-02  -8.384586757896602E+05
  2.463010047268288E-01  -5.584044138512237E-01  -1.465020693687145E-02  -8.384586757896602E+05
  2.368311704807729E-01  -5.786321955826618E-01  -5.401407190795463E-02  -8.384586757896602E+05
  2.203254972161633E-01  -5.984485254684955E-01  -9.120739922402990E-02  -8.384586757896602E+05
  1.975763278150397E-01  -6.172906401611813E-01  -1.255073053545920E-01  -8.384586757896602E+05
  1.695513952812986E-01  -6.346876015566026E-01  -1.565238888314843E-01  -8.384586757896602E+05
  1.372902859326446E-01  -6.502822812039122E-01  -1.842247202017482E-01  -8.384586757896602E+05
  1.018126932854920E-01  -6.638514814264458E-01  -2.089124097184822E-01  -8.384586757896602E+05
  6.405186306204057E-02  -6.753240641490691E-01  -2.311644476124974E-01  -8.384586757896602E+05
  2.482027630124174E-02  -6.847944361574698E-01  -2.517499729927033E-01  -8.384586757896602E+05
 -1.519199317118232E-02  -6.925267382619928E-01  -2.715396156784001E-01  -8.384586757896602E+05
 -5.539136992388282E-02  -6.989446262332267E-01  -2.914221010492811E-01  -8.384586757896602E+05
 -9.523624173801513E-02  -7.046030808320649E-01  -3.122360350440476E-01  -8.384586757896602E+05
 -1.341846507197690E-01  -7.101419794989341E-01  -3.347190416238895E-01  -8.384586757896602E+05
 -1.716453714419058E-01  -7.162252962580382E-01  -3.594711982355435E-01  -8.384586757896602E+05
 -2.069425668309707E-01  -7.234735312676418E-01  -3.869270290902192E-01  -8.384586757896602E+05
 -2.393021844130845E-01  -7.323991605253487E-01  -4.173307761260979E-01  -8.384586757896602E+05
 -2.678652282032662E-01  -7.433548640423125E-01  -4.507128036685764E-01  -8.384586757896602E+05
 -2.917290442700854E-01  -7.565020408008630E-01  -4.868694437732959E-01  -8.384586757896602E+05
 -3.100130091233438E-01  -7.718033047286040E-01  -5.253525613456635E-01  -8.384586757896602E+05
 -3.219400910645969E-01  -7.890383385111017E-01  -5.654769735966538E-01  -8.384586757896602E+05
 -3.269216220414272E-01  -8.078387675190558E-01  -6.063526480023057E-01  -8.384586757896602E+05
 -3.246304030703131E-01  -8.277354085778122E-01  -6.469443786210545E-01  -8.384586757896602E+05
 -3.150479123783655E-01  -8.482106357481357E-01  -6.861554542915397E-01  -8.384586757896602E+05
 -2.984752467233586E-01  -8.687494427334134E-01  -7.229254249304889E-01  -8.384586757896602E+05
 -2.755040022530053E-01  -8.888844596335777E-01  -7.563273519820571E-01  -8.384586757896602E+05
 -2.469512321592306E-01  -9.082320020712767E-01  -7.856483981217552E-01  -8.384586757896602E+05
 -2.137699887378860E-01  -9.265176748331623E-01  -8.104399137052699E-01  -8.384586757896602E+05
 -1.769518330531033E-01  -9.435909425918244E-01  -8.305289005979406E-01   0.000000000000000E+00 5 RotatedCurve14 
 -1.769518330531033E-01   9.435909425918244E-01   8.305289005979406E-01   8.384586757896602E+05
 -1.374387256478857E-01   9.594285793925510E-01   8.459905172283275E-01   8.384586757896602E+05
 -9.605858898273009E-02   9.741273697177192E-01   8.570892017769617E-01   8.384586757896602E+05
 -5.349243666954095E-02   9.878871771946178E-01   8.642020678428143E-01   8.384586757896602E+05
 -1.027312579791723E-02   1.000986611061300E+00   8.677410022478839E-01   8.384586757896602E+05
  3.319127113239056E-02   1.013754778237466E+00   8.680887845753544E-01   8.384586757896602E+05
  7.658084079490590E-02   1.026543536531337E+00   8.655599842622997E-01   8.384586757896602E+05
  1.196259692448781E-01   1.039704739636735E+00   8.603906718545318E-01   8.384586757896602E+05
  1.620774041149167E-01   1.053575862587929E+00   8.527538942362739E-01   8.384586757896602E+05
  2.036883127620226E-01   1.068475182847471E+00   8.427921934310197E-01   8.384586757896602E+05
  2.442070338837355E-01   1.084704874429072E+00   8.306555051668075E-01   8.384586757896602E+05
  2.833754293196669E-01   1.102557776027234E+00   8.165330725832580E-01   8.384586757896602E+05
  3.209267295618839E-01   1.122322098743559E+00   8.006711826284851E-01   8.384586757896602E+05
  3.565786500490125E-01   1.144278563831262E+00   7.833734753082463E-01   8.384586757896602E+05
  3.900213839789856E-01   1.168686515084114E+00   7.649857962486765E-01   8.384586757896602E+05
  4.209042097335531E-01   1.195758946290792E+00   7.458716086832303E-01   8.384586757896602E+05
  4.488271730717763E-01   1.225630154585597E+00   7.263858367775901E-01   8.384586757896602E+05
  4.733444581114601E-01   1.258322721230877E+00   7.068543553963643E-01   8.384586757896602E+05
  4.939834600089720E-01   1.293721762130718E+00   6.875635910120744E-01   8.384586757896602E+05
  5.102790574076291E-01   1.331563420001420E+00   6.687608532825412E-01   8.384586757896602E+05
  5.218177087337904E-01   1.371441601646403E+00   6.506623356111160E-01   8.384586757896602E+05
  5.282824654453595E-01   1.412832829859961E+00   6.334633426738298E-01   8.384586757896602E+05
  5.294890485575124E-01   1.455134973033055E+00   6.173449061495792E-01   8.384586757896602E+05
  5.254051201106603E-01   1.497712711180573E+00   6.024725769894624E-01   8.384586757896602E+05
  5.161491479782701E-01   1.539941680082022E+00   5.889862391901056E-01   8.384586757896602E+05
  5.019704117029167E-01   1.581244461530402E+00   5.769832455417510E-01   8.384586757896602E+05
  4.832160885426495E-01   1.621114453863712E+00   5.664998903781869E-01   8.384586757896602E+05
  4.602936841150458E-01   1.659127185757265E+00   5.574973155296367E-01   8.384586757896602E+05
  4.336367871791902E-01   1.694941711254951E+00   5.498570260963507E-01   8.384586757896602E+05
  4.036795970974685E-01   1.728296457275649E+00   5.433885438964776E-01   8.384586757896602E+05
  3.708419811015295E-01   1.759003903436410E+00   5.378481736878137E-01   8.384586757896602E+05
  3.355233418356604E-01   1.786946975835920E+00   5.329645202695144E-01   8.384586757896602E+05
  2.981014683769689E-01   1.812077739615741E+00   5.284643345811942E-01   8.384586757896602E+05
  2.589323425947258E-01   1.834416807308056E+00   5.240921497479053E-01   8.384586757896602E+05
  2.183483512274734E-01   1.854050655910953E+00   5.196190499478105E-01   8.384586757896602E+05
  1.766546721502097E-01   1.871124189449847E+00   5.148392208464323E-01   8.384586757896602E+05
  1.341256767490811E-01   1.885827299147205E+00   5.095566330500438E-01   8.384586757896602E+05
  9.100413126655837E-02   1.898376299872140E+00   5.035671561426699E-01   8.384586757896602E+05
  4.750543548598087E-02   1.908993150650405E+00   4.966426789573640E-01   8.384586757896602E+05
  3.827399927895852E-03   1.917886535957647E+00   4.885230446224093E-01   8.384586757896602E+05
 -3.983607923962020E-02   1.925238744334129E+00   4.789190740094816E-01   8.384586757896602E+05
 -8.328069475817719E-02   1.931200846413966E+00   4.675264879591673E-01   8.384586757896602E+05
 -1.262803707098235E-01   1.935896409350063E+00   4.540472720550345E-01   8.384586757896602E+05
 -1.685814544320478E-01   1.939431632142514E+00   4.382129977402783E-01   8.384586757896602E+05
 -2.099030152889959E-01   1.941908110117737E+00   4.198044331772667E-01   8.384586757896602E+05
 -2.499416342336396E-01   1.943433962498313E+00   3.986634332090354E-01   8.384586757896602E+05
 -2.883776560593590E-01   1.944129903251039E+00   3.746959618968465E-01   8.384586757896602E+05
 -3.248798329950987E-01   1.944128686790775E+00   3.478681489569694E-01   8.384586757896602E+05
 -3.591066625644914E-01   1.943568585993824E+00   3.181994452588260E-01   8.384586757896602E+05
 -3.907049715029361E-01   1.942583433036343E+00   2.857574785869824E-01   8.384586757896602E+05
 -4.193084907264413E-01   1.941292691320770E+00   2.506579551123921E-01   8.384586757896602E+05
 -4.445403491582687E-01   1.939794774991976E+00   2.130703760154357E-01   8.384586757896602E+05
 -4.660229882379351E-01   1.938165533441846E+00   1.732273848664583E-01   8.384586757896602E+05
 -4.833969720319324E-01   1.936461946364963E+00   1.314333136144224E-01   8.384586757896602E+05
 -4.963471746518385E-01   1.934729269001390E+00   8.806679824864794E-02   8.384586757896602E+05
 -5.046319086662148E-01   1.933008716815046E+00   4.357349588392436E-02   8.384586757896602E+05
 -5.081087847963572E-01   1.931342637691822E+00  -1.552391672961605E-03   8.384586757896602E+05
 -5.067511658259130E-01   1.929775002891075E+00  -4.679577868450208E-02   8.384586757896602E+05
 -5.006510655790931E-01   1.928346641440623E+00  -9.165271173869266E-02   8.384586757896602E+05
 -4.900076507106068E-01   1.927086415805907E+00  -1.356605388991281E-01   8.384586757896602E+05
 -4.751040763661027E-01   1.926000917045370E+00  -1.784205726470820E-01   8.384586757896602E+05
 -4.562780911371812E-01   1.925065810846418E+00  -2.196098634266369E-01   8.384586757896602E+05
 -4.338928623909012E-01   1.924221525095865E+00  -2.589819308426951E-01   8.384586757896602E+05
 -4.083135731965252E-01   1.923374679045465E+00  -2.963593841010762E-01   8.384586757896602E+05
 -3.798929504642189E-01   1.922404916527284E+00  -3.316232650554824E-01   8.384586757896602E+05
 -3.489658977461814E-01   1.921175155469897E+00  -3.647040552067450E-01   8.384586757896602E+05
 -3.158508565136809E-01   1.919542207250076E+00  -3.955776299791635E-01   8.384586757896602E+05
 -2.808542000129912E-01   1.917364577416036E+00  -4.242666728674672E-01   8.384586757896602E+05
 -2.442741640089705E-01   1.914505087131805E+00  -4.508452220180121E-01   8.384586757896602E+05
 -2.064022588069835E-01   1.910827519902477E+00  -4.754421716369748E-01   8.384586757896602E+05
 -1.675220842005913E-01   1.906188351202011E+00  -4.982393847601552E-01   8.384586757896602E+05
 -1.279071529926026E-01   1.900426222589426E+00  -5.194616713375729E-01   8.384586757896602E+05
 -8.782008433206655E-02   1.893352706889285E+00  -5.393586787847263E-01   8.384586757896602E+05
 -4.751514175608602E-02   1.884747810432340E+00  -5.581817181598825E-01   8.384586757896602E+05
 -7.244818486268174E-03   1.874362588515085E+00  -5.761606118028799E-01   8.384586757896602E+05
  3.273039941461151E-02   1.861929509839229E+00  -5.934860132830623E-01   8.384586757896602E+05
  7.213117702278317E-02   1.847179292976068E+00  -6.103011319308274E-01   8.384586757896602E+05
  1.106498723623882E-01   1.829861406373974E+00  -6.267038796207438E-01   8.384586757896602E+05
  1.479444838061293E-01   1.809764715734645E+00  -6.427571430624978E-01   8.384586757896602E+05
  1.836369422248113E-01   1.786735071093362E+00  -6.585023278497711E-01   8.384586757896602E+05
  2.173155622310252E-01   1.760687824203292E+00  -6.739704308088714E-01   8.384586757896602E+05
  2.485407951867448E-01   1.731614938068279E+00  -6.891860127979903E-01   8.384586757896602E+05
  2.768534662122137E-01   1.699587911323625E+00  -7.041622055751544E-01   8.384586757896602E+05
  3.017853186246208E-01   1.664758627457974E+00  -7.188883552519031E-01   8.384586757896602E+05
  3.228725029752357E-01   1.627360103736282E+00  -7.333148855252347E-01   8.384586757896602E+05
  3.396730791552335E-01   1.587707960158302E+00  -7.473414160070924E-01   8.384586757896602E+05
  3.517892255772809E-01   1.546201639139972E+00  -7.608135688373865E-01   8.384586757896602E+05
  3.588935894759591E-01   1.503322647563692E+00  -7.735314103929686E-01   8.384586757896602E+05
  3.607574041590151E-01   1.459626103424619E+00  -7.852689111068499E-01   8.384586757896602E+05
  3.572762944452220E-01   1.415722205417760E+00  -7.958003321634779E-01   8.384586757896602E+05
  3.484888137670029E-01   1.372246057136524E+00  -8.049271938177338E-01   8.384586757896602E+05
  3.345832103126292E-01   1.329817210285301E+00  -8.124991626056423E-01   8.384586757896602E+05
  3.158897717565571E-01   1.288993536333132E+00  -8.184238855125332E-01   8.384586757896602E+05
  2.928589188895527E-01   1.250226560079608E+00  -8.226639187607757E-01   8.384586757896602E+05
  2.660282143615276E-01   1.213826259160826E+00  -8.252224299076744E-01   8.384586757896602E+05
  2.359837429185490E-01   1.179942047986209E+00  -8.261221927007507E-01   8.384586757896602E+05
  2.033222503275495E-01   1.148563368579753E+00  -8.253837262836635E-01   8.384586757896602E+05
  1.686198035139025E-01   1.119538819268234E+00  -8.230079738973162E-01   8.384586757896602E+05
  1.324108706748997E-01   1.092608346340652E+00  -8.189669887725577E-01   8.384586757896602E+05
  9.517930430163987E-02   1.067440071273019E+00  -8.132034636669961E-01   8.384586757896602E+05
  5.736051862116803E-02   1.043662836522218E+00  -8.056375288020688E-01   8.384586757896602E+05
  1.935274620274547E-02   1.020887813939533E+00  -7.961778015406799E-01   8.384586757896602E+05
 -1.846522362475214E-02   9.987169433037399E-01  -7.847335317037205E-01   8.384586757896602E+05
 -5.571227600707870E-02   9.767412154873522E-01  -7.712256801503113E-01   8.384586757896602E+05
 -9.198140276858682E-02   9.545361806989401E-01  -7.555963288548527E-01   8.384586757896602E+05
 -1.268167823680731E-01   9.316640118892645E-01  -7.378172240195155E-01   8.384586757896602E+05
 -1.596947796957385E-01   9.076901391335294E-01  -7.178988989190397E-01   8.384586757896602E+05
 -1.900132627474799E-01   8.822180600276298E-01  -6.959014504475219E-01   8.384586757896602E+05
 -2.170943381644372E-01   8.549396220835569E-01  -6.719468121311521E-01   8.384586757896602E+05
 -2.402050526089423E-01   8.256917740710186E-01  -6.462307729849888E-01   8.384586757896602E+05
 -2.585982317235046E-01   7.945065410125040E-01  -6.190316668256404E-01   8.384586757896602E+05
 -2.715715022838590E-01   7.616403282601594E-01  -5.907121262143634E-01   8.384586757896602E+05
 -2.785375064502742E-01   7.275721103290221E-01  -5.617107952511615E-01   8.384586757896602E+05
 -2.790938242006529E-01   6.929668726033049E-01  -5.325223092699163E-01   8.384586757896602E+05
 -2.730788045863780E-01   6.586090399950569E-01  -5.036657808649626E-01   8.384586757896602E+05
 -2.606006006591987E-01   6.253181845197189E-01  -4.756439758410575E-01   8.384586757896602E+05
 -2.420315166313374E-01   5.938638485410797E-01  -4.488968992613809E-01   8.384586757896602E+05
 -2.179674378343145E-01   5.648964830881895E-01  -4.237544389984214E-01   8.384586757896602E+05
 -1.891607016571459E-01   5.389071807068371E-01  -4.003930717506073E-01   8.384586757896602E+05
 -1.564418194754358E-01   5.162212925422375E-01  -3.788016140634016E-01   8.384586757896602E+05
 -1.206487273183172E-01   4.970223241105060E-01  -3.587607799690471E-01   8.384586757896602E+05
 -8.258044178202505E-02   4.813951636752679E-01  -3.398409138926455E-01   8.384586757896602E+05
 -4.298529790495316E-02   4.693737243306871E-01  -3.214215142153037E-01   8.384586757896602E+05
 -2.584022890998180E-03   4.609784461945010E-01  -3.027347139822397E-01   8.384586757896602E+05
  3.788250006891734E-02   4.562334740971243E-01  -2.829324378856608E-01   8.384586757896602E+05
  7.759878177316758E-02   4.551602073448121E-01  -2.611734618130727E-01   8.384586757896602E+05
  1.156345370566503E-01   4.577511643677273E-01  -2.367224410313981E-01   8.384586757896602E+05
  1.509367380064805E-01   4.639335990897895E-01  -2.090489755632121E-01   8.384586757896602E+05
  1.823637430077688E-01   4.735346056787322E-01  -1.779120706482311E-01   8.384586757896602E+05
  2.087602220435189E-01   4.862581873789879E-01  -1.434150280463481E-01   8.384586757896602E+05
  2.290605947404172E-01   5.016806892000398E-01  -1.060185666112669E-01   8.384586757896602E+05
  2.424008048516085E-01   5.192656406022573E-01  -6.650578988476172E-02   8.384586757896602E+05
  2.482155371941764E-01   5.383941961411999E-01  -2.590061042187812E-02   8.384586757896602E+05
  2.463010047268288E-01   5.584044138512237E-01   1.465020693687145E-02   8.384586757896602E+05
  2.368311704807729E-01   5.786321955826618E-01   5.401407190795463E-02   8.384586757896602E+05
  2.203254972161633E-01   5.984485254684955E-01   9.120739922402990E-02   8.384586757896602E+05
  1.975763278150397E-01   6.172906401611813E-01   1.255073053545920E-01   8.384586757896602E+05
  1.695513952812986E-01   6.346876015566026E-01   1.565238888314843E-01   8.384586757896602E+05
  1.372902859326446E-01   6.502822812039122E-01   1.842247202017482E-01   8.384586757896602E+05
  1.018126932854920E-01   6.638514814264458E-01   2.089124097184822E-01   8.384586757896602E+05
  6.405186306204057E-02   6.753240641490691E-01   2.311644476124974E-01   8.384586757896602E+05
  2.482027630124174E-02   6.847944361574698E-01   2.517499729927033E-01   8.384586757896602E+05
 -1.519199317118232E-02   6.925267382619928E-01   2.715396156784001E-01   8.384586757896602E+05
 -5.539136992388282E-02   6.989446262332267E-01   2.914221010492811E-01   8.384586757896602E+05
 -9.523624173801513E-02   7.046030808320649E-01   3.122360350440476E-01   8.384586757896602E+05
 -1.341846507197690E-01   7.101419794989341E-01   3.347190416238895E-01   8.384586757896602E+05
 -1.716453714419058E-01   7.162252962580382E-01   3.594711982355435E-01   8.384586757896602E+05
 -2.069425668309707E-01   7.234735312676418E-01   3.869270290902192E-01   8.384586757896602E+05
 -2.393021844130845E-01   7.323991605253487E-01   4.173307761260979E-01   8.384586757896602E+05
 -2.678652282032662E-01   7.433548640423125E-01   4.507128036685764E-01   8.384586757896602E+05
 -2.917290442700854E-01   7.565020408008630E-01   4.868694437732959E-01   8.384586757896602E+05
 -3.100130091233438E-01   7.718033047286040E-01   5.253525613456635E-01   8.384586757896602E+05
 -3.219400910645969E-01   7.890383385111017E-01   5.654769735966538E-01   8.384586757896602E+05
 -3.269216220414272E-01   8.078387675190558E-01   6.063526480023057E-01   8.384586757896602E+05
 -3.246304030703131E-01   8.277354085778122E-01   6.469443786210545E-01   8.384586757896602E+05
 -3.150479123783655E-01   8.482106357481357E-01   6.861554542915397E-01   8.384586757896602E+05
 -2.984752467233586E-01   8.687494427334134E-01   7.229254249304889E-01   8.384586757896602E+05
 -2.755040022530053E-01   8.888844596335777E-01   7.563273519820571E-01   8.384586757896602E+05
 -2.469512321592306E-01   9.082320020712767E-01   7.856483981217552E-01   8.384586757896602E+05
 -2.137699887378860E-01   9.265176748331623E-01   8.104399137052699E-01   8.384586757896602E+05
 -1.769518330531033E-01   9.435909425918244E-01   8.305289005979406E-01   0.000000000000000E+00 6 RotatedCurve15 
end 
