periods   3 
begin filament 
mirror NIL 
  3.013970434537376E-01   2.956733979389727E-01  -2.995253442200533E-01  -8.361144520701352E+05
  2.911926177095325E-01   3.429785612550620E-01  -3.169199828045840E-01  -8.361144520701352E+05
  2.888257971584253E-01   3.885898961703496E-01  -3.405282028442540E-01  -8.361144520701352E+05
  2.942339797830006E-01   4.301940755041050E-01  -3.703428175622116E-01  -8.361144520701352E+05
  3.072232039504798E-01   4.658802191274932E-01  -4.051564668958184E-01  -8.361144520701352E+05
  3.274672641863606E-01   4.945141229591569E-01  -4.428875686894096E-01  -8.361144520701352E+05
  3.544512353636332E-01   5.159966555845052E-01  -4.810937166299893E-01  -8.361144520701352E+05
  3.873993666177897E-01   5.313156539141105E-01  -5.175489715252108E-01  -8.361144520701352E+05
  4.252335097200289E-01   5.423479580394217E-01  -5.507468717250057E-01  -8.361144520701352E+05
  4.665975053717140E-01   5.514350044698131E-01  -5.802110370704165E-01  -8.361144520701352E+05
  5.099602194707129E-01   5.608225490075175E-01  -6.065444270915429E-01  -8.361144520701352E+05
  5.537835294904094E-01   5.721015919918432E-01  -6.312135742971695E-01  -8.361144520701352E+05
  5.967201426643962E-01   5.857972879644096E-01  -6.561285066725675E-01  -8.361144520701352E+05
  6.377958488506474E-01   6.012199362578814E-01  -6.831263777831534E-01  -8.361144520701352E+05
  6.765337795381746E-01   6.166245044242779E-01  -7.134857766109814E-01  -8.361144520701352E+05
  7.129924508555494E-01   6.296413222051241E-01  -7.475857418064946E-01  -8.361144520701352E+05
  7.477099250806242E-01   6.378652317381610E-01  -7.847833992461195E-01  -8.361144520701352E+05
  7.815674601699024E-01   6.394464091842460E-01  -8.235282770852786E-01  -8.361144520701352E+05
  8.156024694500998E-01   6.335269685328944E-01  -8.616744812477264E-01  -8.361144520701352E+05
  8.508093694864088E-01   6.204133253376012E-01  -8.969081426084744E-01  -8.361144520701352E+05
  8.879670667312219E-01   6.014512683533291E-01  -9.271867427039920E-01  -8.361144520701352E+05
  9.275243650028018E-01   5.786553161718141E-01  -9.510924601723796E-01  -8.361144520701352E+05
  9.695615429808996E-01   5.542106270412329E-01  -9.680300265548817E-01  -8.361144520701352E+05
  1.013830353015943E+00   5.299948547245482E-01  -9.782417407214566E-01  -8.361144520701352E+05
  1.059858508064868E+00   5.072513849112525E-01  -9.826565699349399E-01  -8.361144520701352E+05
  1.107091175586969E+00   4.864910913868440E-01  -9.826255405264841E-01  -8.361144520701352E+05
  1.155033802220545E+00   4.676256166994955E-01  -9.796142065807352E-01  -8.361144520701352E+05
  1.203359973838694E+00   4.502651837143201E-01  -9.749223347749871E-01  -8.361144520701352E+05
  1.251956035799577E+00   4.340696450837593E-01  -9.694838126801282E-01  -8.361144520701352E+05
  1.300890026427920E+00   4.190351751497418E-01  -9.637729207558218E-01  -8.361144520701352E+05
  1.350312972727789E+00   4.056301676798101E-01  -9.578149313907919E-01  -8.361144520701352E+05
  1.400320610855661E+00   3.947499539754612E-01  -9.512770524552074E-01  -8.361144520701352E+05
  1.450817141717303E+00   3.875210408063433E-01  -9.436046132267230E-01  -8.361144520701352E+05
  1.501424741617630E+00   3.850314818866560E-01  -9.341677707792918E-01  -8.361144520701352E+05
  1.551471187610173E+00   3.880809009693002E-01  -9.223929727144703E-01  -8.361144520701352E+05
  1.600065288686237E+00   3.970283252097465E-01  -9.078658631502129E-01  -8.361144520701352E+05
  1.646242121190546E+00   4.117761114609762E-01  -8.904030230211950E-01  -8.361144520701352E+05
  1.689136139170054E+00   4.318792657148678E-01  -8.700953763014123E-01  -8.361144520701352E+05
  1.728128564573528E+00   4.567286904156828E-01  -8.473255954928799E-01  -8.361144520701352E+05
  1.762921178785585E+00   4.857375338936800E-01  -8.227575651249543E-01  -8.361144520701352E+05
  1.793511246768676E+00   5.184666752541598E-01  -7.972918199418484E-01  -8.361144520701352E+05
  1.820075281675683E+00   5.546538367757398E-01  -7.719807597791687E-01  -8.361144520701352E+05
  1.842801888285617E+00   5.941491141296481E-01  -7.479034693759045E-01  -8.361144520701352E+05
  1.861734416895553E+00   6.367935880709972E-01  -7.260113729567492E-01  -8.361144520701352E+05
  1.876684376658281E+00   6.822955541928832E-01  -7.069691065802174E-01  -8.361144520701352E+05
  1.887254883993160E+00   7.301557680076102E-01  -6.910246047608003E-01  -8.361144520701352E+05
  1.892975987410980E+00   7.796717678144759E-01  -6.779434902471692E-01  -8.361144520701352E+05
  1.893512765540765E+00   8.300208349596332E-01  -6.670328186815045E-01  -8.361144520701352E+05
  1.888877029918136E+00   8.803930014686726E-01  -6.572591985530922E-01  -8.361144520701352E+05
  1.879565761086113E+00   9.301294123895660E-01  -6.474412612805980E-01  -8.361144520701352E+05
  1.866568313737967E+00   9.788218493007582E-01  -6.364739003478543E-01  -8.361144520701352E+05
  1.851224979521194E+00   1.026344569559982E+00  -6.235292771312390E-01  -8.361144520701352E+05
  1.834968757563556E+00   1.072812988560192E+00  -6.081824181267013E-01  -8.361144520701352E+05
  1.819023431695216E+00   1.118486221128436E+00  -5.904278615505313E-01  -8.361144520701352E+05
  1.804149555410406E+00   1.163644587445743E+00  -5.705836492274492E-01  -8.361144520701352E+05
  1.790518288261440E+00   1.208475365142858E+00  -5.491113809095234E-01  -8.361144520701352E+05
  1.777754063827145E+00   1.252991641735411E+00  -5.264060190842484E-01  -8.361144520701352E+05
  1.765133302558011E+00   1.296995091254312E+00  -5.026184715658349E-01  -8.361144520701352E+05
  1.751875870006059E+00   1.340080094171293E+00  -4.775641865456029E-01  -8.361144520701352E+05
  1.737436111753001E+00   1.381668604059249E+00  -4.507446418028799E-01  -8.361144520701352E+05
  1.721701618910925E+00   1.421064040770618E+00  -4.214737372276790E-01  -8.361144520701352E+05
  1.705040204665001E+00   1.457516287554438E+00  -3.890687354292126E-01  -8.361144520701352E+05
  1.688187834494082E+00   1.490294500536404E+00  -3.530459648041375E-01  -8.361144520701352E+05
  1.672024254676648E+00   1.518765942932665E+00  -3.132613236197022E-01  -8.361144520701352E+05
  1.657319868688415E+00   1.542475690608551E+00  -2.699547104317648E-01  -8.361144520701352E+05
  1.644544105906238E+00   1.561215276238141E+00  -2.236894427369163E-01  -8.361144520701352E+05
  1.633799921234930E+00   1.575062213346135E+00  -1.752117680738689E-01  -8.361144520701352E+05
  1.624900581214943E+00   1.584371623532586E+00  -1.252802649541485E-01  -8.361144520701352E+05
  1.617551262709949E+00   1.589708897711167E+00  -7.452203826328956E-02  -8.361144520701352E+05
  1.611558884945101E+00   1.591727897063776E+00  -2.335998900067958E-02  -8.361144520701352E+05
  1.606983469383281E+00   1.591018137064079E+00   2.797218706085200E-02  -8.361144520701352E+05
  1.604167071940521E+00   1.587959635467214E+00   7.934325114131541E-02  -8.361144520701352E+05
  1.603623748960796E+00   1.582628718202580E+00   1.306077906289113E-01  -8.361144520701352E+05
  1.605828652751309E+00   1.574788246544316E+00   1.815113693665689E-01  -8.361144520701352E+05
  1.610985811723725E+00   1.563972751771932E+00   2.316592709939626E-01  -8.361144520701352E+05
  1.618866568658148E+00   1.549649389449625E+00   2.805647341236643E-01  -8.361144520701352E+05
  1.628788612424334E+00   1.531409300902991E+00   3.277601446449827E-01  -8.361144520701352E+05
  1.639756259658161E+00   1.509130598786288E+00   3.729278250517687E-01  -8.361144520701352E+05
  1.650723557928405E+00   1.483059656972828E+00   4.159961791859041E-01  -8.361144520701352E+05
  1.660894350177116E+00   1.453781227109196E+00   4.571567198264400E-01  -8.361144520701352E+05
  1.669955380141092E+00   1.422083036807464E+00   4.967851115484863E-01  -8.361144520701352E+05
  1.678157281192358E+00   1.388755390626671E+00   5.352852563361516E-01  -8.361144520701352E+05
  1.686208166839930E+00   1.354388815515990E+00   5.729066201506099E-01  -8.361144520701352E+05
  1.695008496686357E+00   1.319234706748806E+00   6.095995914090739E-01  -8.361144520701352E+05
  1.705311526782338E+00   1.283173934723106E+00   6.449653499537775E-01  -8.361144520701352E+05
  1.717421164159520E+00   1.245802844635772E+00   6.783272262315476E-01  -8.361144520701352E+05
  1.731028335124429E+00   1.206607034697668E+00   7.089093170162624E-01  -8.361144520701352E+05
  1.745241344955520E+00   1.165164236054343E+00   7.360693316032887E-01  -8.361144520701352E+05
  1.758800767570220E+00   1.121308731198446E+00   7.595101996144497E-01  -8.361144520701352E+05
  1.770407606118154E+00   1.075204214594793E+00   7.793976311178515E-01  -8.361144520701352E+05
  1.779056166263066E+00   1.027304743220287E+00   7.963388564508138E-01  -8.361144520701352E+05
  1.784263016550298E+00   9.782228428989759E-01   8.112225708979973E-01  -8.361144520701352E+05
  1.786120239900943E+00   9.285559104120008E-01   8.249668691842430E-01  -8.361144520701352E+05
  1.785161722272156E+00   8.787353789011876E-01   8.382546571090213E-01  -8.361144520701352E+05
  1.782094218639883E+00   8.289530378751648E-01   8.513429674079825E-01  -8.361144520701352E+05
  1.777488633668320E+00   7.791892208707186E-01   8.640105764785148E-01  -8.361144520701352E+05
  1.771536776903540E+00   7.293292051740381E-01   8.756639469043546E-01  -8.361144520701352E+05
  1.763952388695544E+00   6.793211863659218E-01   8.855692389177776E-01  -8.361144520701352E+05
  1.754042821626803E+00   6.293137194508095E-01   8.931354053365131E-01  -8.361144520701352E+05
  1.740918526373223E+00   5.797182928744592E-01   8.981547994611720E-01  -8.361144520701352E+05
  1.723762331283060E+00   5.311709395548235E-01   9.009199810643713E-01  -8.361144520701352E+05
  1.702064626045405E+00   4.844051580182074E-01   9.021749114621392E-01  -8.361144520701352E+05
  1.675748230333995E+00   4.400827622948265E-01   9.029126920252912E-01  -8.361144520701352E+05
  1.645150113684636E+00   3.986467691939123E-01   9.040826536516180E-01  -8.361144520701352E+05
  1.610879523570903E+00   3.602542547209278E-01   9.063001517091065E-01  -8.361144520701352E+05
  1.573614232348350E+00   3.248190223979327E-01   9.096526827293092E-01  -8.361144520701352E+05
  1.533913822533378E+00   2.921537058954634E-01   9.136657728868572E-01  -8.361144520701352E+05
  1.492116213315985E+00   2.621629419213860E-01   9.174414174606181E-01  -8.361144520701352E+05
  1.448347203436183E+00   2.350173324325809E-01   9.199273033243115E-01  -8.361144520701352E+05
  1.402627378579058E+00   2.112404179902076E-01   9.202343615687361E-01  -8.361144520701352E+05
  1.355023762470320E+00   1.916676429032156E-01   9.179063099839304E-01  -8.361144520701352E+05
  1.305778686414447E+00   1.772786062039608E-01   9.130616636516365E-01  -8.361144520701352E+05
  1.255360302976947E+00   1.689475017537945E-01   9.063699735298095E-01  -8.361144520701352E+05
  1.204412427612516E+00   1.671866624444870E-01   8.988757131413214E-01  -8.361144520701352E+05
  1.153622473379709E+00   1.719641361653597E-01   8.917282438377662E-01  -8.361144520701352E+05
  1.103559063591083E+00   1.826558696751346E-01   8.859004466034075E-01  -8.361144520701352E+05
  1.054542969005375E+00   1.981527877611411E-01   8.819751930729496E-01  -8.361144520701352E+05
  1.006602098524617E+00   2.170958053251047E-01   8.800505874387096E-01  -8.361144520701352E+05
  9.595288645460760E-01   2.381727153913446E-01   8.797727598432157E-01  -8.361144520701352E+05
  9.130192443631718E-01   2.603921942572713E-01   8.804639699761463E-01  -8.361144520701352E+05
  8.668424743949046E-01   2.832573056612767E-01   8.812877294596015E-01  -8.361144520701352E+05
  8.209801522187065E-01   3.067910034376676E-01   8.813894980676507E-01  -8.361144520701352E+05
  7.756871478532406E-01   3.314093111637282E-01   8.799707556593772E-01  -8.361144520701352E+05
  7.314583761177891E-01   3.576806301524622E-01   8.762874995217939E-01  -8.361144520701352E+05
  6.889223972878783E-01   3.860394194088523E-01   8.695984309412524E-01  -8.361144520701352E+05
  6.487102752037208E-01   4.165314862162204E-01   8.591103977876194E-01  -8.361144520701352E+05
  6.113552329101524E-01   4.486553183139864E-01   8.439709220037338E-01  -8.361144520701352E+05
  5.772626203744725E-01   4.813347963583031E-01   8.233392589584974E-01  -8.361144520701352E+05
  5.467570139807105E-01   5.130229637275087E-01   7.965353694393742E-01  -8.361144520701352E+05
  5.201771586928630E-01   5.419048064167217E-01   7.632323106477469E-01  -8.361144520701352E+05
  4.979648434241520E-01   5.661472516353409E-01   7.236343352303004E-01  -8.361144520701352E+05
  4.806913597685609E-01   5.841403492243442E-01   6.785790443904717E-01  -8.361144520701352E+05
  4.689870898423480E-01   5.946835033292096E-01   6.295190623981961E-01  -8.361144520701352E+05
  4.633785159349909E-01   5.970896792702497E-01   5.783713402468862E-01  -8.361144520701352E+05
  4.640780109841439E-01   5.912022354235398E-01   5.272595542663362E-01  -8.361144520701352E+05
  4.707989469365213E-01   5.773376330730972E-01   4.782049466179372E-01  -8.361144520701352E+05
  4.826702308862154E-01   5.561791552349061E-01   4.328340089644713E-01  -8.361144520701352E+05
  4.982977685168495E-01   5.286509292318017E-01   3.921642417655151E-01  -8.361144520701352E+05
  5.159734735404123E-01   4.957990974475249E-01   3.565053047109513E-01  -8.361144520701352E+05
  5.339811730559145E-01   4.587000762517534E-01   3.254810298550802E-01  -8.361144520701352E+05
  5.509114125257562E-01   4.184067193582414E-01   2.981488191031429E-01  -8.361144520701352E+05
  5.658878933388493E-01   3.759336227280692E-01   2.731758016820764E-01  -8.361144520701352E+05
  5.786318318357606E-01   3.322740492660262E-01   2.490297300521864E-01  -8.361144520701352E+05
  5.893402798797466E-01   2.884341001079559E-01   2.241548043416085E-01  -8.361144520701352E+05
  5.984144207064930E-01   2.454659680963663E-01   1.971213749153323E-01  -8.361144520701352E+05
  6.061241135408483E-01   2.044825083884939E-01   1.667547602660856E-01  -8.361144520701352E+05
  6.123184403782801E-01   1.666405703928535E-01   1.322548804718406E-01  -8.361144520701352E+05
  6.162804012244117E-01   1.330900045002827E-01   9.331228925990606E-02  -8.361144520701352E+05
  6.167805430302501E-01   1.048968524227161E-01   5.021047015934758E-02  -8.361144520701352E+05
  6.123230488869911E-01   8.295944618700764E-02   3.886574700318473E-03  -8.361144520701352E+05
  6.015183403718689E-01   6.794107508136542E-02  -4.408752409932036E-02  -8.361144520701352E+05
  5.834774504436450E-01   6.023972565890292E-02  -9.163754957607591E-02  -8.361144520701352E+05
  5.581171753855562E-01   6.000389487186570E-02  -1.364447813641922E-01  -8.361144520701352E+05
  5.262924193470154E-01   6.718662266093157E-02  -1.763078297414969E-01  -8.361144520701352E+05
  4.897235159790861E-01   8.161345296343603E-02  -2.095495019211230E-01  -8.361144520701352E+05
  4.507447267051026E-01   1.030307672724561E-01  -2.353828047592031E-01  -8.361144520701352E+05
  4.119472410189166E-01   1.311040444196254E-01  -2.541434426890757E-01  -8.361144520701352E+05
  3.758121211765817E-01   1.653523298840778E-01  -2.673154598495118E-01  -8.361144520701352E+05
  3.444208256885050E-01   2.050315917239407E-01  -2.773196148021844E-01  -8.361144520701352E+05
  3.192981412688130E-01   2.490071518471632E-01  -2.870907028409628E-01  -8.361144520701352E+05
  3.013970434537376E-01   2.956733979389727E-01  -2.995253442200533E-01   0.000000000000000E+00 1 CurveXYZFourier1 
  3.013970434537376E-01  -2.956733979389727E-01   2.995253442200533E-01   8.361144520701352E+05
  2.911926177095325E-01  -3.429785612550620E-01   3.169199828045840E-01   8.361144520701352E+05
  2.888257971584253E-01  -3.885898961703496E-01   3.405282028442540E-01   8.361144520701352E+05
  2.942339797830006E-01  -4.301940755041050E-01   3.703428175622116E-01   8.361144520701352E+05
  3.072232039504798E-01  -4.658802191274932E-01   4.051564668958184E-01   8.361144520701352E+05
  3.274672641863606E-01  -4.945141229591569E-01   4.428875686894096E-01   8.361144520701352E+05
  3.544512353636332E-01  -5.159966555845052E-01   4.810937166299893E-01   8.361144520701352E+05
  3.873993666177897E-01  -5.313156539141105E-01   5.175489715252108E-01   8.361144520701352E+05
  4.252335097200289E-01  -5.423479580394217E-01   5.507468717250057E-01   8.361144520701352E+05
  4.665975053717140E-01  -5.514350044698131E-01   5.802110370704165E-01   8.361144520701352E+05
  5.099602194707129E-01  -5.608225490075175E-01   6.065444270915429E-01   8.361144520701352E+05
  5.537835294904094E-01  -5.721015919918432E-01   6.312135742971695E-01   8.361144520701352E+05
  5.967201426643962E-01  -5.857972879644096E-01   6.561285066725675E-01   8.361144520701352E+05
  6.377958488506474E-01  -6.012199362578814E-01   6.831263777831534E-01   8.361144520701352E+05
  6.765337795381746E-01  -6.166245044242779E-01   7.134857766109814E-01   8.361144520701352E+05
  7.129924508555494E-01  -6.296413222051241E-01   7.475857418064946E-01   8.361144520701352E+05
  7.477099250806242E-01  -6.378652317381610E-01   7.847833992461195E-01   8.361144520701352E+05
  7.815674601699024E-01  -6.394464091842460E-01   8.235282770852786E-01   8.361144520701352E+05
  8.156024694500998E-01  -6.335269685328944E-01   8.616744812477264E-01   8.361144520701352E+05
  8.508093694864088E-01  -6.204133253376012E-01   8.969081426084744E-01   8.361144520701352E+05
  8.879670667312219E-01  -6.014512683533291E-01   9.271867427039920E-01   8.361144520701352E+05
  9.275243650028018E-01  -5.786553161718141E-01   9.510924601723796E-01   8.361144520701352E+05
  9.695615429808996E-01  -5.542106270412329E-01   9.680300265548817E-01   8.361144520701352E+05
  1.013830353015943E+00  -5.299948547245482E-01   9.782417407214566E-01   8.361144520701352E+05
  1.059858508064868E+00  -5.072513849112525E-01   9.826565699349399E-01   8.361144520701352E+05
  1.107091175586969E+00  -4.864910913868440E-01   9.826255405264841E-01   8.361144520701352E+05
  1.155033802220545E+00  -4.676256166994955E-01   9.796142065807352E-01   8.361144520701352E+05
  1.203359973838694E+00  -4.502651837143201E-01   9.749223347749871E-01   8.361144520701352E+05
  1.251956035799577E+00  -4.340696450837593E-01   9.694838126801282E-01   8.361144520701352E+05
  1.300890026427920E+00  -4.190351751497418E-01   9.637729207558218E-01   8.361144520701352E+05
  1.350312972727789E+00  -4.056301676798101E-01   9.578149313907919E-01   8.361144520701352E+05
  1.400320610855661E+00  -3.947499539754612E-01   9.512770524552074E-01   8.361144520701352E+05
  1.450817141717303E+00  -3.875210408063433E-01   9.436046132267230E-01   8.361144520701352E+05
  1.501424741617630E+00  -3.850314818866560E-01   9.341677707792918E-01   8.361144520701352E+05
  1.551471187610173E+00  -3.880809009693002E-01   9.223929727144703E-01   8.361144520701352E+05
  1.600065288686237E+00  -3.970283252097465E-01   9.078658631502129E-01   8.361144520701352E+05
  1.646242121190546E+00  -4.117761114609762E-01   8.904030230211950E-01   8.361144520701352E+05
  1.689136139170054E+00  -4.318792657148678E-01   8.700953763014123E-01   8.361144520701352E+05
  1.728128564573528E+00  -4.567286904156828E-01   8.473255954928799E-01   8.361144520701352E+05
  1.762921178785585E+00  -4.857375338936800E-01   8.227575651249543E-01   8.361144520701352E+05
  1.793511246768676E+00  -5.184666752541598E-01   7.972918199418484E-01   8.361144520701352E+05
  1.820075281675683E+00  -5.546538367757398E-01   7.719807597791687E-01   8.361144520701352E+05
  1.842801888285617E+00  -5.941491141296481E-01   7.479034693759045E-01   8.361144520701352E+05
  1.861734416895553E+00  -6.367935880709972E-01   7.260113729567492E-01   8.361144520701352E+05
  1.876684376658281E+00  -6.822955541928832E-01   7.069691065802174E-01   8.361144520701352E+05
  1.887254883993160E+00  -7.301557680076102E-01   6.910246047608003E-01   8.361144520701352E+05
  1.892975987410980E+00  -7.796717678144759E-01   6.779434902471692E-01   8.361144520701352E+05
  1.893512765540765E+00  -8.300208349596332E-01   6.670328186815045E-01   8.361144520701352E+05
  1.888877029918136E+00  -8.803930014686726E-01   6.572591985530922E-01   8.361144520701352E+05
  1.879565761086113E+00  -9.301294123895660E-01   6.474412612805980E-01   8.361144520701352E+05
  1.866568313737967E+00  -9.788218493007582E-01   6.364739003478543E-01   8.361144520701352E+05
  1.851224979521194E+00  -1.026344569559982E+00   6.235292771312390E-01   8.361144520701352E+05
  1.834968757563556E+00  -1.072812988560192E+00   6.081824181267013E-01   8.361144520701352E+05
  1.819023431695216E+00  -1.118486221128436E+00   5.904278615505313E-01   8.361144520701352E+05
  1.804149555410406E+00  -1.163644587445743E+00   5.705836492274492E-01   8.361144520701352E+05
  1.790518288261440E+00  -1.208475365142858E+00   5.491113809095234E-01   8.361144520701352E+05
  1.777754063827145E+00  -1.252991641735411E+00   5.264060190842484E-01   8.361144520701352E+05
  1.765133302558011E+00  -1.296995091254312E+00   5.026184715658349E-01   8.361144520701352E+05
  1.751875870006059E+00  -1.340080094171293E+00   4.775641865456029E-01   8.361144520701352E+05
  1.737436111753001E+00  -1.381668604059249E+00   4.507446418028799E-01   8.361144520701352E+05
  1.721701618910925E+00  -1.421064040770618E+00   4.214737372276790E-01   8.361144520701352E+05
  1.705040204665001E+00  -1.457516287554438E+00   3.890687354292126E-01   8.361144520701352E+05
  1.688187834494082E+00  -1.490294500536404E+00   3.530459648041375E-01   8.361144520701352E+05
  1.672024254676648E+00  -1.518765942932665E+00   3.132613236197022E-01   8.361144520701352E+05
  1.657319868688415E+00  -1.542475690608551E+00   2.699547104317648E-01   8.361144520701352E+05
  1.644544105906238E+00  -1.561215276238141E+00   2.236894427369163E-01   8.361144520701352E+05
  1.633799921234930E+00  -1.575062213346135E+00   1.752117680738689E-01   8.361144520701352E+05
  1.624900581214943E+00  -1.584371623532586E+00   1.252802649541485E-01   8.361144520701352E+05
  1.617551262709949E+00  -1.589708897711167E+00   7.452203826328956E-02   8.361144520701352E+05
  1.611558884945101E+00  -1.591727897063776E+00   2.335998900067958E-02   8.361144520701352E+05
  1.606983469383281E+00  -1.591018137064079E+00  -2.797218706085200E-02   8.361144520701352E+05
  1.604167071940521E+00  -1.587959635467214E+00  -7.934325114131541E-02   8.361144520701352E+05
  1.603623748960796E+00  -1.582628718202580E+00  -1.306077906289113E-01   8.361144520701352E+05
  1.605828652751309E+00  -1.574788246544316E+00  -1.815113693665689E-01   8.361144520701352E+05
  1.610985811723725E+00  -1.563972751771932E+00  -2.316592709939626E-01   8.361144520701352E+05
  1.618866568658148E+00  -1.549649389449625E+00  -2.805647341236643E-01   8.361144520701352E+05
  1.628788612424334E+00  -1.531409300902991E+00  -3.277601446449827E-01   8.361144520701352E+05
  1.639756259658161E+00  -1.509130598786288E+00  -3.729278250517687E-01   8.361144520701352E+05
  1.650723557928405E+00  -1.483059656972828E+00  -4.159961791859041E-01   8.361144520701352E+05
  1.660894350177116E+00  -1.453781227109196E+00  -4.571567198264400E-01   8.361144520701352E+05
  1.669955380141092E+00  -1.422083036807464E+00  -4.967851115484863E-01   8.361144520701352E+05
  1.678157281192358E+00  -1.388755390626671E+00  -5.352852563361516E-01   8.361144520701352E+05
  1.686208166839930E+00  -1.354388815515990E+00  -5.729066201506099E-01   8.361144520701352E+05
  1.695008496686357E+00  -1.319234706748806E+00  -6.095995914090739E-01   8.361144520701352E+05
  1.705311526782338E+00  -1.283173934723106E+00  -6.449653499537775E-01   8.361144520701352E+05
  1.717421164159520E+00  -1.245802844635772E+00  -6.783272262315476E-01   8.361144520701352E+05
  1.731028335124429E+00  -1.206607034697668E+00  -7.089093170162624E-01   8.361144520701352E+05
  1.745241344955520E+00  -1.165164236054343E+00  -7.360693316032887E-01   8.361144520701352E+05
  1.758800767570220E+00  -1.121308731198446E+00  -7.595101996144497E-01   8.361144520701352E+05
  1.770407606118154E+00  -1.075204214594793E+00  -7.793976311178515E-01   8.361144520701352E+05
  1.779056166263066E+00  -1.027304743220287E+00  -7.963388564508138E-01   8.361144520701352E+05
  1.784263016550298E+00  -9.782228428989759E-01  -8.112225708979973E-01   8.361144520701352E+05
  1.786120239900943E+00  -9.285559104120008E-01  -8.249668691842430E-01   8.361144520701352E+05
  1.785161722272156E+00  -8.787353789011876E-01  -8.382546571090213E-01   8.361144520701352E+05
  1.782094218639883E+00  -8.289530378751648E-01  -8.513429674079825E-01   8.361144520701352E+05
  1.777488633668320E+00  -7.791892208707186E-01  -8.640105764785148E-01   8.361144520701352E+05
  1.771536776903540E+00  -7.293292051740381E-01  -8.756639469043546E-01   8.361144520701352E+05
  1.763952388695544E+00  -6.793211863659218E-01  -8.855692389177776E-01   8.361144520701352E+05
  1.754042821626803E+00  -6.293137194508095E-01  -8.931354053365131E-01   8.361144520701352E+05
  1.740918526373223E+00  -5.797182928744592E-01  -8.981547994611720E-01   8.361144520701352E+05
  1.723762331283060E+00  -5.311709395548235E-01  -9.009199810643713E-01   8.361144520701352E+05
  1.702064626045405E+00  -4.844051580182074E-01  -9.021749114621392E-01   8.361144520701352E+05
  1.675748230333995E+00  -4.400827622948265E-01  -9.029126920252912E-01   8.361144520701352E+05
  1.645150113684636E+00  -3.986467691939123E-01  -9.040826536516180E-01   8.361144520701352E+05
  1.610879523570903E+00  -3.602542547209278E-01  -9.063001517091065E-01   8.361144520701352E+05
  1.573614232348350E+00  -3.248190223979327E-01  -9.096526827293092E-01   8.361144520701352E+05
  1.533913822533378E+00  -2.921537058954634E-01  -9.136657728868572E-01   8.361144520701352E+05
  1.492116213315985E+00  -2.621629419213860E-01  -9.174414174606181E-01   8.361144520701352E+05
  1.448347203436183E+00  -2.350173324325809E-01  -9.199273033243115E-01   8.361144520701352E+05
  1.402627378579058E+00  -2.112404179902076E-01  -9.202343615687361E-01   8.361144520701352E+05
  1.355023762470320E+00  -1.916676429032156E-01  -9.179063099839304E-01   8.361144520701352E+05
  1.305778686414447E+00  -1.772786062039608E-01  -9.130616636516365E-01   8.361144520701352E+05
  1.255360302976947E+00  -1.689475017537945E-01  -9.063699735298095E-01   8.361144520701352E+05
  1.204412427612516E+00  -1.671866624444870E-01  -8.988757131413214E-01   8.361144520701352E+05
  1.153622473379709E+00  -1.719641361653597E-01  -8.917282438377662E-01   8.361144520701352E+05
  1.103559063591083E+00  -1.826558696751346E-01  -8.859004466034075E-01   8.361144520701352E+05
  1.054542969005375E+00  -1.981527877611411E-01  -8.819751930729496E-01   8.361144520701352E+05
  1.006602098524617E+00  -2.170958053251047E-01  -8.800505874387096E-01   8.361144520701352E+05
  9.595288645460760E-01  -2.381727153913446E-01  -8.797727598432157E-01   8.361144520701352E+05
  9.130192443631718E-01  -2.603921942572713E-01  -8.804639699761463E-01   8.361144520701352E+05
  8.668424743949046E-01  -2.832573056612767E-01  -8.812877294596015E-01   8.361144520701352E+05
  8.209801522187065E-01  -3.067910034376676E-01  -8.813894980676507E-01   8.361144520701352E+05
  7.756871478532406E-01  -3.314093111637282E-01  -8.799707556593772E-01   8.361144520701352E+05
  7.314583761177891E-01  -3.576806301524622E-01  -8.762874995217939E-01   8.361144520701352E+05
  6.889223972878783E-01  -3.860394194088523E-01  -8.695984309412524E-01   8.361144520701352E+05
  6.487102752037208E-01  -4.165314862162204E-01  -8.591103977876194E-01   8.361144520701352E+05
  6.113552329101524E-01  -4.486553183139864E-01  -8.439709220037338E-01   8.361144520701352E+05
  5.772626203744725E-01  -4.813347963583031E-01  -8.233392589584974E-01   8.361144520701352E+05
  5.467570139807105E-01  -5.130229637275087E-01  -7.965353694393742E-01   8.361144520701352E+05
  5.201771586928630E-01  -5.419048064167217E-01  -7.632323106477469E-01   8.361144520701352E+05
  4.979648434241520E-01  -5.661472516353409E-01  -7.236343352303004E-01   8.361144520701352E+05
  4.806913597685609E-01  -5.841403492243442E-01  -6.785790443904717E-01   8.361144520701352E+05
  4.689870898423480E-01  -5.946835033292096E-01  -6.295190623981961E-01   8.361144520701352E+05
  4.633785159349909E-01  -5.970896792702497E-01  -5.783713402468862E-01   8.361144520701352E+05
  4.640780109841439E-01  -5.912022354235398E-01  -5.272595542663362E-01   8.361144520701352E+05
  4.707989469365213E-01  -5.773376330730972E-01  -4.782049466179372E-01   8.361144520701352E+05
  4.826702308862154E-01  -5.561791552349061E-01  -4.328340089644713E-01   8.361144520701352E+05
  4.982977685168495E-01  -5.286509292318017E-01  -3.921642417655151E-01   8.361144520701352E+05
  5.159734735404123E-01  -4.957990974475249E-01  -3.565053047109513E-01   8.361144520701352E+05
  5.339811730559145E-01  -4.587000762517534E-01  -3.254810298550802E-01   8.361144520701352E+05
  5.509114125257562E-01  -4.184067193582414E-01  -2.981488191031429E-01   8.361144520701352E+05
  5.658878933388493E-01  -3.759336227280692E-01  -2.731758016820764E-01   8.361144520701352E+05
  5.786318318357606E-01  -3.322740492660262E-01  -2.490297300521864E-01   8.361144520701352E+05
  5.893402798797466E-01  -2.884341001079559E-01  -2.241548043416085E-01   8.361144520701352E+05
  5.984144207064930E-01  -2.454659680963663E-01  -1.971213749153323E-01   8.361144520701352E+05
  6.061241135408483E-01  -2.044825083884939E-01  -1.667547602660856E-01   8.361144520701352E+05
  6.123184403782801E-01  -1.666405703928535E-01  -1.322548804718406E-01   8.361144520701352E+05
  6.162804012244117E-01  -1.330900045002827E-01  -9.331228925990606E-02   8.361144520701352E+05
  6.167805430302501E-01  -1.048968524227161E-01  -5.021047015934758E-02   8.361144520701352E+05
  6.123230488869911E-01  -8.295944618700764E-02  -3.886574700318473E-03   8.361144520701352E+05
  6.015183403718689E-01  -6.794107508136542E-02   4.408752409932036E-02   8.361144520701352E+05
  5.834774504436450E-01  -6.023972565890292E-02   9.163754957607591E-02   8.361144520701352E+05
  5.581171753855562E-01  -6.000389487186570E-02   1.364447813641922E-01   8.361144520701352E+05
  5.262924193470154E-01  -6.718662266093157E-02   1.763078297414969E-01   8.361144520701352E+05
  4.897235159790861E-01  -8.161345296343603E-02   2.095495019211230E-01   8.361144520701352E+05
  4.507447267051026E-01  -1.030307672724561E-01   2.353828047592031E-01   8.361144520701352E+05
  4.119472410189166E-01  -1.311040444196254E-01   2.541434426890757E-01   8.361144520701352E+05
  3.758121211765817E-01  -1.653523298840778E-01   2.673154598495118E-01   8.361144520701352E+05
  3.444208256885050E-01  -2.050315917239407E-01   2.773196148021844E-01   8.361144520701352E+05
  3.192981412688130E-01  -2.490071518471632E-01   2.870907028409628E-01   8.361144520701352E+05
  3.013970434537376E-01  -2.956733979389727E-01   2.995253442200533E-01   0.000000000000000E+00 2 RotatedCurve11 
 -4.067591955652846E-01   1.131807972869728E-01  -2.995253442200533E-01  -8.361144520701352E+05
 -4.426244558550871E-01   8.069092370341469E-02  -3.169199828045840E-01  -8.361144520701352E+05
 -4.809416203166927E-01   5.583552952231297E-02  -3.405282028442540E-01  -8.361144520701352E+05
 -5.196759878356161E-01   3.971706339662305E-02  -3.703428175622116E-01  -8.361144520701352E+05
 -5.570757068603099E-01   3.312298968941673E-02  -4.051564668958184E-01  -8.361144520701352E+05
 -5.919954251059917E-01   3.633790821360000E-02  -4.428875686894096E-01  -8.361144520701352E+05
 -6.240918296858077E-01   4.896544643543102E-02  -4.810937166299893E-01  -8.361144520701352E+05
 -6.538325370268555E-01   6.983986594395200E-02  -5.175489715252108E-01  -8.361144520701352E+05
 -6.823038642127703E-01   9.708904293825131E-02  -5.507468717250057E-01  -8.361144520701352E+05
 -7.108554750927005E-01   1.283677907594440E-01  -5.802110370704165E-01  -8.361144520701352E+05
 -7.406666841910099E-01   1.612272304773665E-01  -6.065444270915429E-01  -8.361144520701352E+05
 -7.723462769556608E-01   1.935398087401819E-01  -6.312135742971695E-01  -8.361144520701352E+05
 -8.056754041774049E-01   2.238761585150369E-01  -6.561285066725675E-01  -8.361144520701352E+05
 -8.395696624863098E-01   2.517374394039802E-01  -6.831263777831534E-01  -8.361144520701352E+05
 -8.722793751965018E-01   2.775831873862213E-01  -7.134857766109814E-01  -8.361144520701352E+05
 -9.017816057298351E-01   3.026489140448718E-01  -7.475857418064946E-01  -8.361144520701352E+05
 -9.262624574164074E-01   3.286031739124996E-01  -7.847833992461195E-01  -8.361144520701352E+05
 -9.445605647972471E-01   3.571340706862951E-01  -8.235282770852786E-01  -8.361144520701352E+05
 -9.564516834570811E-01   3.895689736666610E-01  -8.616744812477264E-01  -8.361144520701352E+05
 -9.626983853319466E-01   4.266158650842504E-01  -8.969081426084744E-01  -8.361144520701352E+05
 -9.648556108979655E-01   4.682764033365256E-01  -9.271867427039920E-01  -8.361144520701352E+05
 -9.648923863411081E-01   5.139320046355496E-01  -9.510924601723796E-01  -8.361144520701352E+05
 -9.647412535554604E-01   5.625596132332806E-01  -9.680300265548817E-01  -8.361144520701352E+05
 -9.659041845744731E-01   6.130054134772781E-01  -9.782417407214566E-01  -8.361144520701352E+05
 -9.692218394704170E-01   6.642386999456239E-01  -9.826565699349399E-01  -8.361144520701352E+05
 -9.748592316493083E-01   7.155235366704720E-01  -9.826255405264841E-01  -8.361144520701352E+05
 -9.824925646324001E-01   7.664758066029753E-01  -9.796142065807352E-01  -8.361144520701352E+05
 -9.916210744556152E-01   8.170077153845264E-01  -9.749223347749871E-01  -8.361144520701352E+05
 -1.001893357554019E+00   8.671909088818143E-01  -9.694838126801282E-01  -8.361144520701352E+05
 -1.013340119972898E+00   9.170862228415174E-01  -9.637729207558218E-01  -8.361144520701352E+05
 -1.026442516115952E+00   9.665902536020445E-01  -9.578149313907919E-01  -8.361144520701352E+05
 -1.042023793713317E+00   1.015338245456215E+00  -9.512770524552074E-01  -8.361144520701352E+05
 -1.061011636697931E+00   1.062683980569941E+00  -9.436046132267230E-01  -8.361144520701352E+05
 -1.084159415379427E+00   1.107756227168026E+00  -9.341677707792918E-01  -8.361144520701352E+05
 -1.111823512768053E+00   1.149573011225373E+00  -9.223929727144703E-01  -8.361144520701352E+05
 -1.143869259996748E+00   1.187183025111089E+00  -9.078658631502129E-01  -8.361144520701352E+05
 -1.179729633792050E+00   1.219799442000505E+00  -8.904030230211950E-01  -8.361144520701352E+05
 -1.218586485061872E+00   1.246895174114200E+00  -8.700953763014123E-01  -8.361144520701352E+05
 -1.259602930823943E+00   1.268238892718371E+00  -8.473255954928799E-01  -8.361144520701352E+05
 -1.302121633316324E+00   1.283865758751085E+00  -8.227575651249543E-01  -8.361144520701352E+05
 -1.345760935170097E+00   1.293992964047695E+00  -7.972918199418484E-01  -8.361144520701352E+05
 -1.390381953792139E+00   1.298904512343390E+00  -7.719807597791687E-01  -8.361144520701352E+05
 -1.435949170615104E+00   1.298838692332454E+00  -7.479034693759045E-01  -8.361144520701352E+05
 -1.482346632684303E+00   1.293912506095859E+00  -7.260113729567492E-01  -8.361144520701352E+05
 -1.529227471149359E+00   1.284108567974994E+00  -7.069691065802174E-01  -8.361144520701352E+05
 -1.575960885810908E+00   1.269332788950526E+00  -6.910246047608003E-01  -8.361144520701352E+05
 -1.621703551246348E+00   1.249529409944603E+00  -6.779434902471692E-01  -8.361144520701352E+05
 -1.665575511515796E+00   1.224819739868614E+00  -6.670328186815045E-01  -8.361144520701352E+05
 -1.706881219544969E+00   1.195618991799669E+00  -6.572591985530922E-01  -8.361144520701352E+05
 -1.745298580479513E+00   1.162686990989224E+00  -6.474412612805980E-01  -8.361144520701352E+05
 -1.780968744142703E+00   1.127084652945782E+00  -6.364739003478543E-01  -8.361144520701352E+05
 -1.814452960035746E+00   1.090035575605690E+00  -6.235292771312390E-01  -8.361144520701352E+05
 -1.846567680384808E+00   1.052723064920713E+00  -6.081824181267013E-01  -8.361144520701352E+05
 -1.878149197127692E+00   1.016077391362987E+00  -5.904278615505313E-01  -8.361144520701352E+05
 -1.909820551409479E+00   9.806170534889415E-01  -5.705836492274492E-01  -8.361144520701352E+05
 -1.941829510192110E+00   9.463966410036073E-01  -5.491113809095234E-01  -8.361144520701352E+05
 -1.973999624386008E+00   9.130843600876244E-01  -5.264060190842484E-01  -8.361144520701352E+05
 -2.005797348888956E+00   8.801527354540059E-01  -5.026184715658349E-01  -8.361144520701352E+05
 -2.036481339661212E+00   8.471289606165656E-01  -4.775641865456029E-01  -8.361144520701352E+05
 -2.065278166603193E+00   8.138295082009334E-01  -4.507446418028799E-01  -8.361144520701352E+05
 -2.091528369167383E+00   7.805053193283469E-01  -4.214737372276790E-01  -8.361144520701352E+05
 -2.114766233784228E+00   7.478499879364907E-01  -3.890687354292126E-01  -8.361144520701352E+05
 -2.134726813831808E+00   7.168663007635123E-01  -3.530459648041375E-01  -8.361144520701352E+05
 -2.151302016320638E+00   6.886325088273868E-01  -3.132613236197022E-01  -8.361144520701352E+05
 -2.164483067131158E+00   6.640432631765820E-01  -2.699547104317648E-01  -8.361144520701352E+05
 -2.174324142951689E+00   6.436093352396985E-01  -2.236894427369163E-01  -8.361144520701352E+05
 -2.180943849916163E+00   6.273811298173967E-01  -1.752117680738689E-01  -8.361144520701352E+05
 -2.184556365621886E+00   6.150193701899469E-01  -1.252802649541485E-01  -8.361144520701352E+05
 -2.185503921395002E+00   6.059860365748290E-01  -7.452203826328956E-02  -8.361144520701352E+05
 -2.184256237242162E+00   5.997869855250934E-01  -2.335998900067958E-02  -8.361144520701352E+05
 -2.181353859270925E+00   5.961794394155352E-01   2.797218706085200E-02  -8.361144520701352E+05
 -2.177296920469144E+00   5.952696184813835E-01   7.934325114131541E-02  -8.361144520701352E+05
 -2.172408549202635E+00   5.974645456107991E-01   1.306077906289113E-01  -8.361144520701352E+05
 -2.166720953464184E+00   6.032942841354156E-01   1.815113693665689E-01  -8.361144520701352E+05
 -2.159933039723009E+00   6.131682622030752E-01   2.316592709939626E-01  -8.361144520701352E+05
 -2.151469022551495E+00   6.271548790704894E-01   2.805647341236643E-01  -8.361144520701352E+05
 -2.140633664385925E+00   6.448676653027841E-01   3.277601446449827E-01  -8.361144520701352E+05
 -2.126823566006427E+00   6.655052774853762E-01   3.729278250517687E-01  -8.361144520701352E+05
 -2.109729117230507E+00   6.880387073050186E-01   4.159961791859041E-01  -8.361144520701352E+05
 -2.089458649310036E+00   7.114860867008319E-01   4.571567198264400E-01  -8.361144520701352E+05
 -2.066537726236731E+00   7.351822639849529E-01   4.967851115484863E-01  -8.361144520701352E+05
 -2.041776088521458E+00   7.589491417450719E-01   5.352852563361516E-01  -8.361144520701352E+05
 -2.016039204258328E+00   7.831047007941742E-01   5.729066201506099E-01  -8.361144520701352E+05
 -1.989995017941758E+00   8.083030643864536E-01   6.095995914090739E-01  -8.361144520701352E+05
 -1.963916988335414E+00   8.352561361983787E-01   6.449653499537775E-01  -8.361144520701352E+05
 -1.937607493641256E+00   8.644289348413031E-01   6.783272262315476E-01  -8.361144520701352E+05
 -1.910466511995406E+00   8.958109955396043E-01   7.089093170162624E-01  -8.361144520701352E+05
 -1.881682500481910E+00   9.288412224392300E-01   7.360693316032887E-01  -8.361144520701352E+05
 -1.850482230488260E+00   9.625117793121584E-01   7.595101996144497E-01  -8.361144520701352E+05
 -1.816357967154263E+00   9.956158546541194E-01   7.793976311178515E-01  -8.361144520701352E+05
 -1.779200088188551E+00   1.027055463133024E+00   7.963388564508138E-01  -8.361144520701352E+05
 -1.739297340787896E+00   1.056105677916125E+00   8.112225708979973E-01  -8.361144520701352E+05
 -1.697213127201451E+00   1.082547546761772E+00   8.249668691842430E-01  -8.361144520701352E+05
 -1.653588022468650E+00   1.106627711900674E+00   8.382546571090213E-01  -8.361144520701352E+05
 -1.608941498664118E+00   1.128862346341936E+00   8.513429674079825E-01  -8.361144520701352E+05
 -1.563541976463206E+00   1.149755701259498E+00   8.640105764785148E-01  -8.361144520701352E+05
 -1.517386007854400E+00   1.169531249949852E+00   8.756639469043546E-01  -8.361144520701352E+05
 -1.470285599069643E+00   1.187966986493623E+00   8.855692389177776E-01  -8.361144520701352E+05
 -1.422023078807875E+00   1.204388783129144E+00   8.931354053365131E-01  -8.361144520701352E+05
 -1.372510031854440E+00   1.217820523320951E+00   8.981547994611720E-01  -8.361144520701352E+05
 -1.321888693048055E+00   1.227236499200405E+00   9.009199810643713E-01  -8.361144520701352E+05
 -1.270539485590685E+00   1.231828626029078E+00   9.021749114621392E-01  -8.361144520701352E+05
 -1.218996967081945E+00   1.231199156668644E+00   9.029126920252912E-01  -8.361144520701352E+05
 -1.167813286100838E+00   1.225418406892796E+00   9.040826536516180E-01  -8.361144520701352E+05
 -1.117429098195205E+00   1.214935462488111E+00   9.063001517091065E-01  -8.361144520701352E+05
 -1.068108641203211E+00   1.200380389771453E+00   9.096526827293092E-01  -8.361144520701352E+05
 -1.019969442381928E+00   1.182331484582269E+00   9.136657728868572E-01  -8.361144520701352E+05
 -9.730978742927769E-01   1.161129075169591E+00   9.174414174606181E-01  -8.361144520701352E+05
 -9.277045819343588E-01   1.136796805459593E+00   9.199273033243115E-01  -8.361144520701352E+05
 -8.842532575750917E-01   1.109090732897933E+00   9.202343615687361E-01  -8.361144520701352E+05
 -8.435009290728288E-01   1.077651179579261E+00   9.179063099839304E-01  -8.361144520701352E+05
 -8.064171197273511E-01   1.042198211053206E+00   9.130616636516365E-01  -8.361144520701352E+05
 -7.739929799131753E-01   1.002700162403669E+00   9.063699735298095E-01  -8.361144520701352E+05
 -7.469941106571172E-01   9.594584277238816E-01   8.988757131413214E-01  -8.361144520701352E+05
 -7.257365471489020E-01   9.130843002407855E-01   8.917282438377662E-01  -8.361144520701352E+05
 -7.099641550845475E-01   8.643822488088773E-01   8.859004466034075E-01  -8.361144520701352E+05
 -6.988768325345417E-01   8.141846066603501E-01   8.819751930729496E-01  -8.361144520701352E+05
 -6.913115317288898E-01   7.631950861624922E-01   8.800505874387096E-01  -8.361144520701352E+05
 -6.860280542902633E-01   7.118900146656673E-01   8.797727598432157E-01  -8.361144520701352E+05
 -6.820158773555551E-01   6.605017626339434E-01   8.804639699761463E-01  -8.361144520701352E+05
 -6.787292597076514E-01   6.090789510747109E-01   8.812877294596015E-01  -8.361144520701352E+05
 -6.761788787388924E-01   5.575941661053815E-01   8.813894980676507E-01  -8.361144520701352E+05
 -6.748524564451106E-01   5.060601198481381E-01   8.799707556593772E-01  -8.361144520701352E+05
 -6.754897002125529E-01   4.546212204526871E-01   8.762874995217939E-01  -8.361144520701352E+05
 -6.787811427142006E-01   4.036045875829523E-01   8.695984309412524E-01  -8.361144520701352E+05
 -6.850819861411950E-01   3.535338349143065E-01   8.591103977876194E-01  -8.361144520701352E+05
 -6.942245196579820E-01   3.051215032797511E-01   8.439709220037338E-01  -8.361144520701352E+05
 -7.054794715589361E-01   2.592566957203143E-01   8.233392589584974E-01  -8.361144520701352E+05
 -7.176694263031603E-01   2.169939819408646E-01   7.965353694393742E-01  -8.361144520701352E+05
 -7.293919081362008E-01   1.795342306880679E-01   7.632323106477469E-01  -8.361144520701352E+05
 -7.392803239110223E-01   1.481765787791857E-01   7.236343352303004E-01  -8.361144520701352E+05
 -7.462260616880760E-01   1.242207543270868E-01   6.785790443904717E-01  -8.361144520701352E+05
 -7.495045660157973E-01   1.088129821858036E-01   6.295190623981961E-01  -8.361144520701352E+05
 -7.487840885530344E-01   1.027527267325097E-01   5.783713402468862E-01  -8.361144520701352E+05
 -7.440351601430057E-01   1.063022291382526E-01   5.272595542663362E-01  -8.361144520701352E+05
 -7.353885302703417E-01   1.190550315854409E-01   4.782049466179372E-01  -8.361144520701352E+05
 -7.230003929319052E-01   1.399151039805100E-01   4.328340089644713E-01  -8.361144520701352E+05
 -7.069740187074144E-01   1.672130615687886E-01   3.921642417655151E-01  -8.361144520701352E+05
 -6.873613503331591E-01   1.989465870411326E-01   3.565053047109513E-01  -8.361144520701352E+05
 -6.642365052798347E-01   2.330912228831600E-01   3.254810298550802E-01  -8.361144520701352E+05
 -6.378065543412214E-01   2.678999188029528E-01   2.981488191031429E-01  -8.361144520701352E+05
 -6.085120140886475E-01   3.021064799614678E-01   2.731758016820764E-01  -8.361144520701352E+05
 -5.770736836005810E-01   3.349728411750810E-01   2.490297300521864E-01  -8.361144520701352E+05
 -5.444613979510668E-01   3.661666037953137E-01   2.241548043416085E-01  -8.361144520701352E+05
 -5.117869744892402E-01   3.955091062745885E-01   1.971213749153323E-01  -8.361144520701352E+05
 -4.801491036644243E-01   4.226776259784512E-01   1.667547602660856E-01  -8.361144520701352E+05
 -4.504741874504801E-01   4.469630393768310E-01   1.322548804718406E-01  -8.361144520701352E+05
 -4.233995254992359E-01   4.671694810646658E-01   9.331228925990606E-02  -8.361144520701352E+05
 -3.992336104902243E-01   4.816991926127997E-01   5.021047015934758E-02  -8.361144520701352E+05
 -3.780065123253321E-01   4.888075925653712E-01   3.886574700318473E-03  -8.361144520701352E+05
 -3.595978671668227E-01   4.869596260636105E-01  -4.408752409932036E-02  -8.361144520701352E+05
 -3.439078579594376E-01   4.751864317901210E-01  -9.163754957607591E-02  -8.361144520701352E+05
 -3.310234849778245E-01   4.533417047363739E-01  -1.364447813641922E-01  -8.361144520701352E+05
 -3.213315316923536E-01   4.221892936432224E-01  -1.763078297414969E-01  -8.361144520701352E+05
 -3.155410815464449E-01   3.833062791868051E-01  -2.095495019211230E-01  -8.361144520701352E+05
 -3.145996251819005E-01   3.388410003122649E-01  -2.353828047592031E-01  -8.361144520701352E+05
 -3.195130535157373E-01   2.912047535314800E-01  -2.541434426890757E-01  -8.361144520701352E+05
 -3.311053788428470E-01   2.427866790469967E-01  -2.673154598495118E-01  -8.361144520701352E+05
 -3.497729798555443E-01   1.957613887766870E-01  -2.773196148021844E-01  -8.361144520701352E+05
 -3.752955898580590E-01   1.520167257963629E-01  -2.870907028409628E-01  -8.361144520701352E+05
 -4.067591955652846E-01   1.131807972869728E-01  -2.995253442200533E-01   0.000000000000000E+00 3 RotatedCurve12 
 -4.067591955652846E-01  -1.131807972869728E-01   2.995253442200533E-01   8.361144520701352E+05
 -4.426244558550871E-01  -8.069092370341469E-02   3.169199828045840E-01   8.361144520701352E+05
 -4.809416203166927E-01  -5.583552952231297E-02   3.405282028442540E-01   8.361144520701352E+05
 -5.196759878356161E-01  -3.971706339662305E-02   3.703428175622116E-01   8.361144520701352E+05
 -5.570757068603099E-01  -3.312298968941673E-02   4.051564668958184E-01   8.361144520701352E+05
 -5.919954251059917E-01  -3.633790821360000E-02   4.428875686894096E-01   8.361144520701352E+05
 -6.240918296858077E-01  -4.896544643543102E-02   4.810937166299893E-01   8.361144520701352E+05
 -6.538325370268555E-01  -6.983986594395200E-02   5.175489715252108E-01   8.361144520701352E+05
 -6.823038642127703E-01  -9.708904293825131E-02   5.507468717250057E-01   8.361144520701352E+05
 -7.108554750927005E-01  -1.283677907594440E-01   5.802110370704165E-01   8.361144520701352E+05
 -7.406666841910099E-01  -1.612272304773665E-01   6.065444270915429E-01   8.361144520701352E+05
 -7.723462769556608E-01  -1.935398087401819E-01   6.312135742971695E-01   8.361144520701352E+05
 -8.056754041774049E-01  -2.238761585150369E-01   6.561285066725675E-01   8.361144520701352E+05
 -8.395696624863098E-01  -2.517374394039802E-01   6.831263777831534E-01   8.361144520701352E+05
 -8.722793751965018E-01  -2.775831873862213E-01   7.134857766109814E-01   8.361144520701352E+05
 -9.017816057298351E-01  -3.026489140448718E-01   7.475857418064946E-01   8.361144520701352E+05
 -9.262624574164074E-01  -3.286031739124996E-01   7.847833992461195E-01   8.361144520701352E+05
 -9.445605647972471E-01  -3.571340706862951E-01   8.235282770852786E-01   8.361144520701352E+05
 -9.564516834570811E-01  -3.895689736666610E-01   8.616744812477264E-01   8.361144520701352E+05
 -9.626983853319466E-01  -4.266158650842504E-01   8.969081426084744E-01   8.361144520701352E+05
 -9.648556108979655E-01  -4.682764033365256E-01   9.271867427039920E-01   8.361144520701352E+05
 -9.648923863411081E-01  -5.139320046355496E-01   9.510924601723796E-01   8.361144520701352E+05
 -9.647412535554604E-01  -5.625596132332806E-01   9.680300265548817E-01   8.361144520701352E+05
 -9.659041845744731E-01  -6.130054134772781E-01   9.782417407214566E-01   8.361144520701352E+05
 -9.692218394704170E-01  -6.642386999456239E-01   9.826565699349399E-01   8.361144520701352E+05
 -9.748592316493083E-01  -7.155235366704720E-01   9.826255405264841E-01   8.361144520701352E+05
 -9.824925646324001E-01  -7.664758066029753E-01   9.796142065807352E-01   8.361144520701352E+05
 -9.916210744556152E-01  -8.170077153845264E-01   9.749223347749871E-01   8.361144520701352E+05
 -1.001893357554019E+00  -8.671909088818143E-01   9.694838126801282E-01   8.361144520701352E+05
 -1.013340119972898E+00  -9.170862228415174E-01   9.637729207558218E-01   8.361144520701352E+05
 -1.026442516115952E+00  -9.665902536020445E-01   9.578149313907919E-01   8.361144520701352E+05
 -1.042023793713317E+00  -1.015338245456215E+00   9.512770524552074E-01   8.361144520701352E+05
 -1.061011636697931E+00  -1.062683980569941E+00   9.436046132267230E-01   8.361144520701352E+05
 -1.084159415379427E+00  -1.107756227168026E+00   9.341677707792918E-01   8.361144520701352E+05
 -1.111823512768053E+00  -1.149573011225373E+00   9.223929727144703E-01   8.361144520701352E+05
 -1.143869259996748E+00  -1.187183025111089E+00   9.078658631502129E-01   8.361144520701352E+05
 -1.179729633792050E+00  -1.219799442000505E+00   8.904030230211950E-01   8.361144520701352E+05
 -1.218586485061872E+00  -1.246895174114200E+00   8.700953763014123E-01   8.361144520701352E+05
 -1.259602930823943E+00  -1.268238892718371E+00   8.473255954928799E-01   8.361144520701352E+05
 -1.302121633316324E+00  -1.283865758751085E+00   8.227575651249543E-01   8.361144520701352E+05
 -1.345760935170097E+00  -1.293992964047695E+00   7.972918199418484E-01   8.361144520701352E+05
 -1.390381953792139E+00  -1.298904512343390E+00   7.719807597791687E-01   8.361144520701352E+05
 -1.435949170615104E+00  -1.298838692332454E+00   7.479034693759045E-01   8.361144520701352E+05
 -1.482346632684303E+00  -1.293912506095859E+00   7.260113729567492E-01   8.361144520701352E+05
 -1.529227471149359E+00  -1.284108567974994E+00   7.069691065802174E-01   8.361144520701352E+05
 -1.575960885810908E+00  -1.269332788950526E+00   6.910246047608003E-01   8.361144520701352E+05
 -1.621703551246348E+00  -1.249529409944603E+00   6.779434902471692E-01   8.361144520701352E+05
 -1.665575511515796E+00  -1.224819739868614E+00   6.670328186815045E-01   8.361144520701352E+05
 -1.706881219544969E+00  -1.195618991799669E+00   6.572591985530922E-01   8.361144520701352E+05
 -1.745298580479513E+00  -1.162686990989224E+00   6.474412612805980E-01   8.361144520701352E+05
 -1.780968744142703E+00  -1.127084652945782E+00   6.364739003478543E-01   8.361144520701352E+05
 -1.814452960035746E+00  -1.090035575605690E+00   6.235292771312390E-01   8.361144520701352E+05
 -1.846567680384808E+00  -1.052723064920713E+00   6.081824181267013E-01   8.361144520701352E+05
 -1.878149197127692E+00  -1.016077391362987E+00   5.904278615505313E-01   8.361144520701352E+05
 -1.909820551409479E+00  -9.806170534889415E-01   5.705836492274492E-01   8.361144520701352E+05
 -1.941829510192110E+00  -9.463966410036073E-01   5.491113809095234E-01   8.361144520701352E+05
 -1.973999624386008E+00  -9.130843600876244E-01   5.264060190842484E-01   8.361144520701352E+05
 -2.005797348888956E+00  -8.801527354540059E-01   5.026184715658349E-01   8.361144520701352E+05
 -2.036481339661212E+00  -8.471289606165656E-01   4.775641865456029E-01   8.361144520701352E+05
 -2.065278166603193E+00  -8.138295082009334E-01   4.507446418028799E-01   8.361144520701352E+05
 -2.091528369167383E+00  -7.805053193283469E-01   4.214737372276790E-01   8.361144520701352E+05
 -2.114766233784228E+00  -7.478499879364907E-01   3.890687354292126E-01   8.361144520701352E+05
 -2.134726813831808E+00  -7.168663007635123E-01   3.530459648041375E-01   8.361144520701352E+05
 -2.151302016320638E+00  -6.886325088273868E-01   3.132613236197022E-01   8.361144520701352E+05
 -2.164483067131158E+00  -6.640432631765820E-01   2.699547104317648E-01   8.361144520701352E+05
 -2.174324142951689E+00  -6.436093352396985E-01   2.236894427369163E-01   8.361144520701352E+05
 -2.180943849916163E+00  -6.273811298173967E-01   1.752117680738689E-01   8.361144520701352E+05
 -2.184556365621886E+00  -6.150193701899469E-01   1.252802649541485E-01   8.361144520701352E+05
 -2.185503921395002E+00  -6.059860365748290E-01   7.452203826328956E-02   8.361144520701352E+05
 -2.184256237242162E+00  -5.997869855250934E-01   2.335998900067958E-02   8.361144520701352E+05
 -2.181353859270925E+00  -5.961794394155352E-01  -2.797218706085200E-02   8.361144520701352E+05
 -2.177296920469144E+00  -5.952696184813835E-01  -7.934325114131541E-02   8.361144520701352E+05
 -2.172408549202635E+00  -5.974645456107991E-01  -1.306077906289113E-01   8.361144520701352E+05
 -2.166720953464184E+00  -6.032942841354156E-01  -1.815113693665689E-01   8.361144520701352E+05
 -2.159933039723009E+00  -6.131682622030752E-01  -2.316592709939626E-01   8.361144520701352E+05
 -2.151469022551495E+00  -6.271548790704894E-01  -2.805647341236643E-01   8.361144520701352E+05
 -2.140633664385925E+00  -6.448676653027841E-01  -3.277601446449827E-01   8.361144520701352E+05
 -2.126823566006427E+00  -6.655052774853762E-01  -3.729278250517687E-01   8.361144520701352E+05
 -2.109729117230507E+00  -6.880387073050186E-01  -4.159961791859041E-01   8.361144520701352E+05
 -2.089458649310036E+00  -7.114860867008319E-01  -4.571567198264400E-01   8.361144520701352E+05
 -2.066537726236731E+00  -7.351822639849529E-01  -4.967851115484863E-01   8.361144520701352E+05
 -2.041776088521458E+00  -7.589491417450719E-01  -5.352852563361516E-01   8.361144520701352E+05
 -2.016039204258328E+00  -7.831047007941742E-01  -5.729066201506099E-01   8.361144520701352E+05
 -1.989995017941758E+00  -8.083030643864536E-01  -6.095995914090739E-01   8.361144520701352E+05
 -1.963916988335414E+00  -8.352561361983787E-01  -6.449653499537775E-01   8.361144520701352E+05
 -1.937607493641256E+00  -8.644289348413031E-01  -6.783272262315476E-01   8.361144520701352E+05
 -1.910466511995406E+00  -8.958109955396043E-01  -7.089093170162624E-01   8.361144520701352E+05
 -1.881682500481910E+00  -9.288412224392300E-01  -7.360693316032887E-01   8.361144520701352E+05
 -1.850482230488260E+00  -9.625117793121584E-01  -7.595101996144497E-01   8.361144520701352E+05
 -1.816357967154263E+00  -9.956158546541194E-01  -7.793976311178515E-01   8.361144520701352E+05
 -1.779200088188551E+00  -1.027055463133024E+00  -7.963388564508138E-01   8.361144520701352E+05
 -1.739297340787896E+00  -1.056105677916125E+00  -8.112225708979973E-01   8.361144520701352E+05
 -1.697213127201451E+00  -1.082547546761772E+00  -8.249668691842430E-01   8.361144520701352E+05
 -1.653588022468650E+00  -1.106627711900674E+00  -8.382546571090213E-01   8.361144520701352E+05
 -1.608941498664118E+00  -1.128862346341936E+00  -8.513429674079825E-01   8.361144520701352E+05
 -1.563541976463206E+00  -1.149755701259498E+00  -8.640105764785148E-01   8.361144520701352E+05
 -1.517386007854400E+00  -1.169531249949852E+00  -8.756639469043546E-01   8.361144520701352E+05
 -1.470285599069643E+00  -1.187966986493623E+00  -8.855692389177776E-01   8.361144520701352E+05
 -1.422023078807875E+00  -1.204388783129144E+00  -8.931354053365131E-01   8.361144520701352E+05
 -1.372510031854440E+00  -1.217820523320951E+00  -8.981547994611720E-01   8.361144520701352E+05
 -1.321888693048055E+00  -1.227236499200405E+00  -9.009199810643713E-01   8.361144520701352E+05
 -1.270539485590685E+00  -1.231828626029078E+00  -9.021749114621392E-01   8.361144520701352E+05
 -1.218996967081945E+00  -1.231199156668644E+00  -9.029126920252912E-01   8.361144520701352E+05
 -1.167813286100838E+00  -1.225418406892796E+00  -9.040826536516180E-01   8.361144520701352E+05
 -1.117429098195205E+00  -1.214935462488111E+00  -9.063001517091065E-01   8.361144520701352E+05
 -1.068108641203211E+00  -1.200380389771453E+00  -9.096526827293092E-01   8.361144520701352E+05
 -1.019969442381928E+00  -1.182331484582269E+00  -9.136657728868572E-01   8.361144520701352E+05
 -9.730978742927769E-01  -1.161129075169591E+00  -9.174414174606181E-01   8.361144520701352E+05
 -9.277045819343588E-01  -1.136796805459593E+00  -9.199273033243115E-01   8.361144520701352E+05
 -8.842532575750917E-01  -1.109090732897933E+00  -9.202343615687361E-01   8.361144520701352E+05
 -8.435009290728288E-01  -1.077651179579261E+00  -9.179063099839304E-01   8.361144520701352E+05
 -8.064171197273511E-01  -1.042198211053206E+00  -9.130616636516365E-01   8.361144520701352E+05
 -7.739929799131753E-01  -1.002700162403669E+00  -9.063699735298095E-01   8.361144520701352E+05
 -7.469941106571172E-01  -9.594584277238816E-01  -8.988757131413214E-01   8.361144520701352E+05
 -7.257365471489020E-01  -9.130843002407855E-01  -8.917282438377662E-01   8.361144520701352E+05
 -7.099641550845475E-01  -8.643822488088773E-01  -8.859004466034075E-01   8.361144520701352E+05
 -6.988768325345417E-01  -8.141846066603501E-01  -8.819751930729496E-01   8.361144520701352E+05
 -6.913115317288898E-01  -7.631950861624922E-01  -8.800505874387096E-01   8.361144520701352E+05
 -6.860280542902633E-01  -7.118900146656673E-01  -8.797727598432157E-01   8.361144520701352E+05
 -6.820158773555551E-01  -6.605017626339434E-01  -8.804639699761463E-01   8.361144520701352E+05
 -6.787292597076514E-01  -6.090789510747109E-01  -8.812877294596015E-01   8.361144520701352E+05
 -6.761788787388924E-01  -5.575941661053815E-01  -8.813894980676507E-01   8.361144520701352E+05
 -6.748524564451106E-01  -5.060601198481381E-01  -8.799707556593772E-01   8.361144520701352E+05
 -6.754897002125529E-01  -4.546212204526871E-01  -8.762874995217939E-01   8.361144520701352E+05
 -6.787811427142006E-01  -4.036045875829523E-01  -8.695984309412524E-01   8.361144520701352E+05
 -6.850819861411950E-01  -3.535338349143065E-01  -8.591103977876194E-01   8.361144520701352E+05
 -6.942245196579820E-01  -3.051215032797511E-01  -8.439709220037338E-01   8.361144520701352E+05
 -7.054794715589361E-01  -2.592566957203143E-01  -8.233392589584974E-01   8.361144520701352E+05
 -7.176694263031603E-01  -2.169939819408646E-01  -7.965353694393742E-01   8.361144520701352E+05
 -7.293919081362008E-01  -1.795342306880679E-01  -7.632323106477469E-01   8.361144520701352E+05
 -7.392803239110223E-01  -1.481765787791857E-01  -7.236343352303004E-01   8.361144520701352E+05
 -7.462260616880760E-01  -1.242207543270868E-01  -6.785790443904717E-01   8.361144520701352E+05
 -7.495045660157973E-01  -1.088129821858036E-01  -6.295190623981961E-01   8.361144520701352E+05
 -7.487840885530344E-01  -1.027527267325097E-01  -5.783713402468862E-01   8.361144520701352E+05
 -7.440351601430057E-01  -1.063022291382526E-01  -5.272595542663362E-01   8.361144520701352E+05
 -7.353885302703417E-01  -1.190550315854409E-01  -4.782049466179372E-01   8.361144520701352E+05
 -7.230003929319052E-01  -1.399151039805100E-01  -4.328340089644713E-01   8.361144520701352E+05
 -7.069740187074144E-01  -1.672130615687886E-01  -3.921642417655151E-01   8.361144520701352E+05
 -6.873613503331591E-01  -1.989465870411326E-01  -3.565053047109513E-01   8.361144520701352E+05
 -6.642365052798347E-01  -2.330912228831600E-01  -3.254810298550802E-01   8.361144520701352E+05
 -6.378065543412214E-01  -2.678999188029528E-01  -2.981488191031429E-01   8.361144520701352E+05
 -6.085120140886475E-01  -3.021064799614678E-01  -2.731758016820764E-01   8.361144520701352E+05
 -5.770736836005810E-01  -3.349728411750810E-01  -2.490297300521864E-01   8.361144520701352E+05
 -5.444613979510668E-01  -3.661666037953137E-01  -2.241548043416085E-01   8.361144520701352E+05
 -5.117869744892402E-01  -3.955091062745885E-01  -1.971213749153323E-01   8.361144520701352E+05
 -4.801491036644243E-01  -4.226776259784512E-01  -1.667547602660856E-01   8.361144520701352E+05
 -4.504741874504801E-01  -4.469630393768310E-01  -1.322548804718406E-01   8.361144520701352E+05
 -4.233995254992359E-01  -4.671694810646658E-01  -9.331228925990606E-02   8.361144520701352E+05
 -3.992336104902243E-01  -4.816991926127997E-01  -5.021047015934758E-02   8.361144520701352E+05
 -3.780065123253321E-01  -4.888075925653712E-01  -3.886574700318473E-03   8.361144520701352E+05
 -3.595978671668227E-01  -4.869596260636105E-01   4.408752409932036E-02   8.361144520701352E+05
 -3.439078579594376E-01  -4.751864317901210E-01   9.163754957607591E-02   8.361144520701352E+05
 -3.310234849778245E-01  -4.533417047363739E-01   1.364447813641922E-01   8.361144520701352E+05
 -3.213315316923536E-01  -4.221892936432224E-01   1.763078297414969E-01   8.361144520701352E+05
 -3.155410815464449E-01  -3.833062791868051E-01   2.095495019211230E-01   8.361144520701352E+05
 -3.145996251819005E-01  -3.388410003122649E-01   2.353828047592031E-01   8.361144520701352E+05
 -3.195130535157373E-01  -2.912047535314800E-01   2.541434426890757E-01   8.361144520701352E+05
 -3.311053788428470E-01  -2.427866790469967E-01   2.673154598495118E-01   8.361144520701352E+05
 -3.497729798555443E-01  -1.957613887766870E-01   2.773196148021844E-01   8.361144520701352E+05
 -3.752955898580590E-01  -1.520167257963629E-01   2.870907028409628E-01   8.361144520701352E+05
 -4.067591955652846E-01  -1.131807972869728E-01   2.995253442200533E-01   0.000000000000000E+00 4 RotatedCurve13 
  1.053621521115469E-01  -4.088541952259455E-01  -2.995253442200533E-01  -8.361144520701352E+05
  1.514318381455544E-01  -4.236694849584767E-01  -3.169199828045840E-01  -8.361144520701352E+05
  1.921158231582672E-01  -4.444254256926625E-01  -3.405282028442540E-01  -8.361144520701352E+05
  2.254420080526153E-01  -4.699111389007281E-01  -3.703428175622116E-01  -8.361144520701352E+05
  2.498525029098299E-01  -4.990032088169099E-01  -4.051564668958184E-01  -8.361144520701352E+05
  2.645281609196308E-01  -5.308520311727569E-01  -4.428875686894096E-01  -8.361144520701352E+05
  2.696405943221742E-01  -5.649621020199364E-01  -4.810937166299893E-01  -8.361144520701352E+05
  2.664331704090654E-01  -6.011555198580625E-01  -5.175489715252108E-01  -8.361144520701352E+05
  2.570703544927412E-01  -6.394370009776730E-01  -5.507468717250057E-01  -8.361144520701352E+05
  2.442579697209863E-01  -6.798027952292571E-01  -5.802110370704165E-01  -8.361144520701352E+05
  2.307064647202966E-01  -7.220497794848839E-01  -6.065444270915429E-01  -8.361144520701352E+05
  2.185627474652511E-01  -7.656414007320251E-01  -6.312135742971695E-01  -8.361144520701352E+05
  2.089552615130083E-01  -8.096734464794464E-01  -6.561285066725675E-01  -8.361144520701352E+05
  2.017738136356620E-01  -8.529573756618615E-01  -6.831263777831534E-01  -8.361144520701352E+05
  1.957455956583269E-01  -8.942076918104991E-01  -7.134857766109814E-01  -8.361144520701352E+05
  1.887891548742853E-01  -9.322902362499959E-01  -7.475857418064946E-01  -8.361144520701352E+05
  1.785525323357828E-01  -9.664684056506605E-01  -7.847833992461195E-01  -8.361144520701352E+05
  1.629931046273443E-01  -9.965804798705410E-01  -8.235282770852786E-01  -8.361144520701352E+05
  1.408492140069807E-01  -1.023095942199555E+00  -8.616744812477264E-01  -8.361144520701352E+05
  1.118890158455374E-01  -1.047029190421852E+00  -8.969081426084744E-01  -8.361144520701352E+05
  7.688854416674305E-02  -1.069727671689855E+00  -9.271867427039920E-01  -8.361144520701352E+05
  3.736802133830588E-02  -1.092587320807364E+00  -9.510924601723796E-01  -8.361144520701352E+05
 -4.820289425439717E-03  -1.116770240274513E+00  -9.680300265548817E-01  -8.361144520701352E+05
 -4.792616844147040E-02  -1.143000268201826E+00  -9.782417407214566E-01  -8.361144520701352E+05
 -9.063666859445135E-02  -1.171490084856876E+00  -9.826565699349399E-01  -8.361144520701352E+05
 -1.322319439376613E-01  -1.202014628057316E+00  -9.826255405264841E-01  -8.361144520701352E+05
 -1.725412375881455E-01  -1.234101423302471E+00  -9.796142065807352E-01  -8.361144520701352E+05
 -2.117388993830791E-01  -1.267272899098846E+00  -9.749223347749871E-01  -8.361144520701352E+05
 -2.500626782455586E-01  -1.301260553965573E+00  -9.694838126801282E-01  -8.361144520701352E+05
 -2.875499064550224E-01  -1.336121397991259E+00  -9.637729207558218E-01  -8.361144520701352E+05
 -3.238704566118383E-01  -1.372220421281854E+00  -9.578149313907919E-01  -8.361144520701352E+05
 -3.582968171423438E-01  -1.410088199431676E+00  -9.512770524552074E-01  -8.361144520701352E+05
 -3.898055050193729E-01  -1.450205021376284E+00  -9.436046132267230E-01  -8.361144520701352E+05
 -4.172653262382037E-01  -1.492787709054682E+00  -9.341677707792918E-01  -8.361144520701352E+05
 -4.396476748421203E-01  -1.537653912194672E+00  -9.223929727144703E-01  -8.361144520701352E+05
 -4.561960286894889E-01  -1.584211350320835E+00  -9.078658631502129E-01  -8.361144520701352E+05
 -4.665124873984958E-01  -1.631575553461481E+00  -8.904030230211950E-01  -8.361144520701352E+05
 -4.705496541081827E-01  -1.678774439829068E+00  -8.700953763014123E-01  -8.361144520701352E+05
 -4.685256337495854E-01  -1.724967583134053E+00  -8.473255954928799E-01  -8.361144520701352E+05
 -4.607995454692616E-01  -1.769603292644764E+00  -8.227575651249543E-01  -8.361144520701352E+05
 -4.477503115985796E-01  -1.812459639301854E+00  -7.972918199418484E-01  -8.361144520701352E+05
 -4.296933278835443E-01  -1.853558349119129E+00  -7.719807597791687E-01  -8.361144520701352E+05
 -4.068527176705146E-01  -1.892987806462102E+00  -7.479034693759045E-01  -8.361144520701352E+05
 -3.793877842112504E-01  -1.930706094166856E+00  -7.260113729567492E-01  -8.361144520701352E+05
 -3.474569055089228E-01  -1.966404122167877E+00  -7.069691065802174E-01  -8.361144520701352E+05
 -3.112939981822538E-01  -1.999488556958136E+00  -6.910246047608003E-01  -8.361144520701352E+05
 -2.712724361646324E-01  -2.029201177759078E+00  -6.779434902471692E-01  -8.361144520701352E+05
 -2.279372540249704E-01  -2.054840574828247E+00  -6.670328186815045E-01  -8.361144520701352E+05
 -1.819958103731681E-01  -2.076011993268341E+00  -6.572591985530922E-01  -8.361144520701352E+05
 -1.342671806066013E-01  -2.092816403378790E+00  -6.474412612805980E-01  -8.361144520701352E+05
 -8.559956959526420E-02  -2.105906502246540E+00  -6.364739003478543E-01  -8.361144520701352E+05
 -3.677201948544824E-02  -2.116380145165672E+00  -6.235292771312390E-01  -8.361144520701352E+05
  1.159892282125118E-02  -2.125536053480904E+00  -6.081824181267013E-01  -8.361144520701352E+05
  5.912576543247591E-02  -2.134563612491422E+00  -5.904278615505313E-01  -8.361144520701352E+05
  1.056709959990719E-01  -2.144261640934684E+00  -5.705836492274492E-01  -8.361144520701352E+05
  1.513112219306690E-01  -2.154872006146465E+00  -5.491113809095234E-01  -8.361144520701352E+05
  1.962455605588627E-01  -2.166076001823035E+00  -5.264060190842484E-01  -8.361144520701352E+05
  2.406640463309434E-01  -2.177147826708318E+00  -5.026184715658349E-01  -8.361144520701352E+05
  2.846054696551522E-01  -2.187209054787858E+00  -4.775641865456029E-01  -8.361144520701352E+05
  3.278420548501913E-01  -2.195498112260182E+00  -4.507446418028799E-01  -8.361144520701352E+05
  3.698267502564570E-01  -2.201569360098965E+00  -4.214737372276790E-01  -8.361144520701352E+05
  4.097260291192265E-01  -2.205366275490928E+00  -3.890687354292126E-01  -8.361144520701352E+05
  4.465389793377258E-01  -2.207160801299917E+00  -3.530459648041375E-01  -8.361144520701352E+05
  4.792777616439896E-01  -2.207398451760051E+00  -3.132613236197022E-01  -8.361144520701352E+05
  5.071631984427426E-01  -2.206518953785133E+00  -2.699547104317648E-01  -8.361144520701352E+05
  5.297800370454496E-01  -2.204824611477840E+00  -2.236894427369163E-01  -8.361144520701352E+05
  5.471439286812323E-01  -2.202443343163532E+00  -1.752117680738689E-01  -8.361144520701352E+05
  5.596557844069424E-01  -2.199390993722533E+00  -1.252802649541485E-01  -8.361144520701352E+05
  5.679526586850526E-01  -2.195694934285996E+00  -7.452203826328956E-02  -8.361144520701352E+05
  5.726973522970601E-01  -2.191514882588869E+00  -2.335998900067958E-02  -8.361144520701352E+05
  5.743703898876426E-01  -2.187197576479614E+00   2.797218706085200E-02  -8.361144520701352E+05
  5.731298485286224E-01  -2.183229253948597E+00   7.934325114131541E-02  -8.361144520701352E+05
  5.687848002418385E-01  -2.180093263813379E+00   1.306077906289113E-01  -8.361144520701352E+05
  5.608923007128741E-01  -2.178082530679732E+00   1.815113693665689E-01  -8.361144520701352E+05
  5.489472279992833E-01  -2.177141013975007E+00   2.316592709939626E-01  -8.361144520701352E+05
  5.326024538933453E-01  -2.176804268520115E+00   2.805647341236643E-01  -8.361144520701352E+05
  5.118450519615898E-01  -2.176276966205775E+00   3.277601446449827E-01  -8.361144520701352E+05
  4.870673063482650E-01  -2.174635876271664E+00   3.729278250517687E-01  -8.361144520701352E+05
  4.590055593021009E-01  -2.171098364277847E+00   4.159961791859041E-01  -8.361144520701352E+05
  4.285642991329192E-01  -2.165267313810028E+00   4.571567198264400E-01  -8.361144520701352E+05
  3.965823460956378E-01  -2.157265300792417E+00   4.967851115484863E-01  -8.361144520701352E+05
  3.636188073290989E-01  -2.147704532371743E+00   5.352852563361516E-01  -8.361144520701352E+05
  3.298310374183966E-01  -2.137493516310164E+00   5.729066201506099E-01  -8.361144520701352E+05
  2.949865212554009E-01  -2.127537771135259E+00   6.095995914090739E-01  -8.361144520701352E+05
  2.586054615530752E-01  -2.118430070921485E+00   6.449653499537775E-01  -8.361144520701352E+05
  2.201863294817355E-01  -2.110231779477075E+00   6.783272262315476E-01  -8.361144520701352E+05
  1.794381768709765E-01  -2.102418030237272E+00   7.089093170162624E-01  -8.361144520701352E+05
  1.364411555263885E-01  -2.094005458493573E+00   7.360693316032887E-01  -8.361144520701352E+05
  9.168146291803908E-02  -2.083820510510603E+00   7.595101996144497E-01  -8.361144520701352E+05
  4.595036103610806E-02  -2.070820069248912E+00   7.793976311178515E-01  -8.361144520701352E+05
  1.439219254840405E-04  -2.054360206353311E+00   7.963388564508138E-01  -8.361144520701352E+05
 -4.496567576240295E-02  -2.034328520815100E+00   8.112225708979973E-01  -8.361144520701352E+05
 -8.890711269949240E-02  -2.011103457173773E+00   8.249668691842430E-01  -8.361144520701352E+05
 -1.315736998035064E-01  -1.985363090801862E+00   8.382546571090213E-01  -8.361144520701352E+05
 -1.731527199757660E-01  -1.957815384217101E+00   8.513429674079825E-01  -8.361144520701352E+05
 -2.139466572051149E-01  -1.928944922130216E+00   8.640105764785148E-01  -8.361144520701352E+05
 -2.541507690491409E-01  -1.898860455123890E+00   8.756639469043546E-01  -8.361144520701352E+05
 -2.936667896259016E-01  -1.867288172859544E+00   8.855692389177776E-01  -8.361144520701352E+05
 -3.320197428189282E-01  -1.833702502579953E+00   8.931354053365131E-01  -8.361144520701352E+05
 -3.684084945187833E-01  -1.797538816195409E+00   8.981547994611720E-01  -8.361144520701352E+05
 -4.018736382350050E-01  -1.758407438755229E+00   9.009199810643713E-01  -8.361144520701352E+05
 -4.315251404547207E-01  -1.716233784047285E+00   9.021749114621392E-01  -8.361144520701352E+05
 -4.567512632520501E-01  -1.671281918963470E+00   9.029126920252912E-01  -8.361144520701352E+05
 -4.773368275837993E-01  -1.624065176086708E+00   9.040826536516180E-01  -8.361144520701352E+05
 -4.934504253756987E-01  -1.575189717209039E+00   9.063001517091065E-01  -8.361144520701352E+05
 -5.055055911451397E-01  -1.525199412169386E+00   9.096526827293092E-01  -8.361144520701352E+05
 -5.139443801514508E-01  -1.474485190477732E+00   9.136657728868572E-01  -8.361144520701352E+05
 -5.190183390232086E-01  -1.423292017090976E+00   9.174414174606181E-01  -8.361144520701352E+05
 -5.206426215018247E-01  -1.371814137892173E+00   9.199273033243115E-01  -8.361144520701352E+05
 -5.183741210039664E-01  -1.320331150888141E+00   9.202343615687361E-01  -8.361144520701352E+05
 -5.115228333974918E-01  -1.269318822482476E+00   9.179063099839304E-01  -8.361144520701352E+05
 -4.993615666870967E-01  -1.219476817257166E+00   9.130616636516365E-01  -8.361144520701352E+05
 -4.813673230637720E-01  -1.171647664157463E+00   9.063699735298095E-01  -8.361144520701352E+05
 -4.574183169553989E-01  -1.126645090168368E+00   8.988757131413214E-01  -8.361144520701352E+05
 -4.278859262308073E-01  -1.085048436406145E+00   8.917282438377662E-01  -8.361144520701352E+05
 -3.935949085065356E-01  -1.047038118484012E+00   8.859004466034075E-01  -8.361144520701352E+05
 -3.556661364708335E-01  -1.012337394421491E+00   8.819751930729496E-01  -8.361144520701352E+05
 -3.152905667957272E-01  -9.802908914875966E-01   8.800505874387096E-01  -8.361144520701352E+05
 -2.735008102558131E-01  -9.500627300570116E-01   8.797727598432157E-01  -8.361144520701352E+05
 -2.310033670076170E-01  -9.208939568912144E-01   8.804639699761463E-01  -8.361144520701352E+05
 -1.881132146872535E-01  -8.923362567359874E-01   8.812877294596015E-01  -8.361144520701352E+05
 -1.448012734798145E-01  -8.643851695430489E-01   8.813894980676507E-01  -8.361144520701352E+05
 -1.008346914081303E-01  -8.374694310118663E-01   8.799707556593772E-01  -8.361144520701352E+05
 -5.596867590523642E-02  -8.123018506051491E-01   8.762874995217939E-01  -8.361144520701352E+05
 -1.014125457367803E-02  -7.896440069918044E-01   8.695984309412524E-01  -8.361144520701352E+05
  3.637171093747384E-02  -7.700653211305268E-01   8.591103977876194E-01  -8.361144520701352E+05
  8.286928674782935E-02  -7.537768215937375E-01   8.439709220037338E-01  -8.361144520701352E+05
  1.282168511844633E-01  -7.405914920786173E-01   8.233392589584974E-01  -8.361144520701352E+05
  1.709124123224495E-01  -7.300169456683733E-01   7.965353694393742E-01  -8.361144520701352E+05
  2.092147494433376E-01  -7.214390371047896E-01   7.632323106477469E-01  -8.361144520701352E+05
  2.413154804868698E-01  -7.143238304145266E-01   7.236343352303004E-01  -8.361144520701352E+05
  2.655347019195149E-01  -7.083611035514310E-01   6.785790443904717E-01  -8.361144520701352E+05
  2.805174761734489E-01  -7.034964855150132E-01   6.295190623981961E-01  -8.361144520701352E+05
  2.854055726180432E-01  -6.998424060027594E-01   5.783713402468862E-01  -8.361144520701352E+05
  2.799571491588615E-01  -6.975044645617924E-01   5.272595542663362E-01  -8.361144520701352E+05
  2.645895833338200E-01  -6.963926646585381E-01   4.782049466179372E-01  -8.361144520701352E+05
  2.403301620456895E-01  -6.960942592154161E-01   4.328340089644713E-01  -8.361144520701352E+05
  2.086762501905647E-01  -6.958639908005902E-01   3.921642417655151E-01  -8.361144520701352E+05
  1.713878767927465E-01  -6.947456844886575E-01   3.565053047109513E-01  -8.361144520701352E+05
  1.302553322239199E-01  -6.917912991349133E-01   3.254810298550802E-01  -8.361144520701352E+05
  8.689514181546491E-02  -6.863066381611942E-01   2.981488191031429E-01  -8.361144520701352E+05
  4.262412074979793E-02  -6.780401026895370E-01   2.731758016820764E-01  -8.361144520701352E+05
 -1.558148235179908E-03  -6.672468904411071E-01   2.490297300521864E-01  -8.361144520701352E+05
 -4.487888192867994E-02  -6.546007039032695E-01   2.241548043416085E-01  -8.361144520701352E+05
 -8.662744621725306E-02  -6.409750743709546E-01   1.971213749153323E-01  -8.361144520701352E+05
 -1.259750098764242E-01  -6.271601343669450E-01   1.667547602660856E-01  -8.361144520701352E+05
 -1.618442529278002E-01  -6.136036097696844E-01   1.322548804718406E-01  -8.361144520701352E+05
 -1.928808757251761E-01  -6.002594855649482E-01   9.331228925990606E-02  -8.361144520701352E+05
 -2.175469325400260E-01  -5.865960450355157E-01   5.021047015934758E-02  -8.361144520701352E+05
 -2.343165365616591E-01  -5.717670387523788E-01   3.886574700318473E-03  -8.361144520701352E+05
 -2.419204732050464E-01  -5.549007011449757E-01  -4.408752409932036E-02  -8.361144520701352E+05
 -2.395695924842076E-01  -5.354261574490237E-01  -9.163754957607591E-02  -8.361144520701352E+05
 -2.270936904077318E-01  -5.133455996082393E-01  -1.364447813641922E-01  -8.361144520701352E+05
 -2.049608876546620E-01  -4.893759163041538E-01  -1.763078297414969E-01  -8.361144520701352E+05
 -1.741824344326413E-01  -4.649197321502410E-01  -2.095495019211230E-01  -8.361144520701352E+05
 -1.361451015232022E-01  -4.418717675847209E-01  -2.353828047592031E-01  -8.361144520701352E+05
 -9.243418750317940E-02  -4.223087979511053E-01  -2.541434426890757E-01  -8.361144520701352E+05
 -4.470674233373487E-02  -4.081390089310745E-01  -2.673154598495118E-01  -8.361144520701352E+05
  5.352154167039185E-03  -4.007929805006276E-01  -2.773196148021844E-01  -8.361144520701352E+05
  5.599744858924587E-02  -4.010238776435261E-01  -2.870907028409628E-01  -8.361144520701352E+05
  1.053621521115469E-01  -4.088541952259455E-01  -2.995253442200533E-01   0.000000000000000E+00 5 RotatedCurve14 
  1.053621521115469E-01   4.088541952259455E-01   2.995253442200533E-01   8.361144520701352E+05
  1.514318381455544E-01   4.236694849584767E-01   3.169199828045840E-01   8.361144520701352E+05
  1.921158231582672E-01   4.444254256926625E-01   3.405282028442540E-01   8.361144520701352E+05
  2.254420080526153E-01   4.699111389007281E-01   3.703428175622116E-01   8.361144520701352E+05
  2.498525029098299E-01   4.990032088169099E-01   4.051564668958184E-01   8.361144520701352E+05
  2.645281609196308E-01   5.308520311727569E-01   4.428875686894096E-01   8.361144520701352E+05
  2.696405943221742E-01   5.649621020199364E-01   4.810937166299893E-01   8.361144520701352E+05
  2.664331704090654E-01   6.011555198580625E-01   5.175489715252108E-01   8.361144520701352E+05
  2.570703544927412E-01   6.394370009776730E-01   5.507468717250057E-01   8.361144520701352E+05
  2.442579697209863E-01   6.798027952292571E-01   5.802110370704165E-01   8.361144520701352E+05
  2.307064647202966E-01   7.220497794848839E-01   6.065444270915429E-01   8.361144520701352E+05
  2.185627474652511E-01   7.656414007320251E-01   6.312135742971695E-01   8.361144520701352E+05
  2.089552615130083E-01   8.096734464794464E-01   6.561285066725675E-01   8.361144520701352E+05
  2.017738136356620E-01   8.529573756618615E-01   6.831263777831534E-01   8.361144520701352E+05
  1.957455956583269E-01   8.942076918104991E-01   7.134857766109814E-01   8.361144520701352E+05
  1.887891548742853E-01   9.322902362499959E-01   7.475857418064946E-01   8.361144520701352E+05
  1.785525323357828E-01   9.664684056506605E-01   7.847833992461195E-01   8.361144520701352E+05
  1.629931046273443E-01   9.965804798705410E-01   8.235282770852786E-01   8.361144520701352E+05
  1.408492140069807E-01   1.023095942199555E+00   8.616744812477264E-01   8.361144520701352E+05
  1.118890158455374E-01   1.047029190421852E+00   8.969081426084744E-01   8.361144520701352E+05
  7.688854416674305E-02   1.069727671689855E+00   9.271867427039920E-01   8.361144520701352E+05
  3.736802133830588E-02   1.092587320807364E+00   9.510924601723796E-01   8.361144520701352E+05
 -4.820289425439717E-03   1.116770240274513E+00   9.680300265548817E-01   8.361144520701352E+05
 -4.792616844147040E-02   1.143000268201826E+00   9.782417407214566E-01   8.361144520701352E+05
 -9.063666859445135E-02   1.171490084856876E+00   9.826565699349399E-01   8.361144520701352E+05
 -1.322319439376613E-01   1.202014628057316E+00   9.826255405264841E-01   8.361144520701352E+05
 -1.725412375881455E-01   1.234101423302471E+00   9.796142065807352E-01   8.361144520701352E+05
 -2.117388993830791E-01   1.267272899098846E+00   9.749223347749871E-01   8.361144520701352E+05
 -2.500626782455586E-01   1.301260553965573E+00   9.694838126801282E-01   8.361144520701352E+05
 -2.875499064550224E-01   1.336121397991259E+00   9.637729207558218E-01   8.361144520701352E+05
 -3.238704566118383E-01   1.372220421281854E+00   9.578149313907919E-01   8.361144520701352E+05
 -3.582968171423438E-01   1.410088199431676E+00   9.512770524552074E-01   8.361144520701352E+05
 -3.898055050193729E-01   1.450205021376284E+00   9.436046132267230E-01   8.361144520701352E+05
 -4.172653262382037E-01   1.492787709054682E+00   9.341677707792918E-01   8.361144520701352E+05
 -4.396476748421203E-01   1.537653912194672E+00   9.223929727144703E-01   8.361144520701352E+05
 -4.561960286894889E-01   1.584211350320835E+00   9.078658631502129E-01   8.361144520701352E+05
 -4.665124873984958E-01   1.631575553461481E+00   8.904030230211950E-01   8.361144520701352E+05
 -4.705496541081827E-01   1.678774439829068E+00   8.700953763014123E-01   8.361144520701352E+05
 -4.685256337495854E-01   1.724967583134053E+00   8.473255954928799E-01   8.361144520701352E+05
 -4.607995454692616E-01   1.769603292644764E+00   8.227575651249543E-01   8.361144520701352E+05
 -4.477503115985796E-01   1.812459639301854E+00   7.972918199418484E-01   8.361144520701352E+05
 -4.296933278835443E-01   1.853558349119129E+00   7.719807597791687E-01   8.361144520701352E+05
 -4.068527176705146E-01   1.892987806462102E+00   7.479034693759045E-01   8.361144520701352E+05
 -3.793877842112504E-01   1.930706094166856E+00   7.260113729567492E-01   8.361144520701352E+05
 -3.474569055089228E-01   1.966404122167877E+00   7.069691065802174E-01   8.361144520701352E+05
 -3.112939981822538E-01   1.999488556958136E+00   6.910246047608003E-01   8.361144520701352E+05
 -2.712724361646324E-01   2.029201177759078E+00   6.779434902471692E-01   8.361144520701352E+05
 -2.279372540249704E-01   2.054840574828247E+00   6.670328186815045E-01   8.361144520701352E+05
 -1.819958103731681E-01   2.076011993268341E+00   6.572591985530922E-01   8.361144520701352E+05
 -1.342671806066013E-01   2.092816403378790E+00   6.474412612805980E-01   8.361144520701352E+05
 -8.559956959526420E-02   2.105906502246540E+00   6.364739003478543E-01   8.361144520701352E+05
 -3.677201948544824E-02   2.116380145165672E+00   6.235292771312390E-01   8.361144520701352E+05
  1.159892282125118E-02   2.125536053480904E+00   6.081824181267013E-01   8.361144520701352E+05
  5.912576543247591E-02   2.134563612491422E+00   5.904278615505313E-01   8.361144520701352E+05
  1.056709959990719E-01   2.144261640934684E+00   5.705836492274492E-01   8.361144520701352E+05
  1.513112219306690E-01   2.154872006146465E+00   5.491113809095234E-01   8.361144520701352E+05
  1.962455605588627E-01   2.166076001823035E+00   5.264060190842484E-01   8.361144520701352E+05
  2.406640463309434E-01   2.177147826708318E+00   5.026184715658349E-01   8.361144520701352E+05
  2.846054696551522E-01   2.187209054787858E+00   4.775641865456029E-01   8.361144520701352E+05
  3.278420548501913E-01   2.195498112260182E+00   4.507446418028799E-01   8.361144520701352E+05
  3.698267502564570E-01   2.201569360098965E+00   4.214737372276790E-01   8.361144520701352E+05
  4.097260291192265E-01   2.205366275490928E+00   3.890687354292126E-01   8.361144520701352E+05
  4.465389793377258E-01   2.207160801299917E+00   3.530459648041375E-01   8.361144520701352E+05
  4.792777616439896E-01   2.207398451760051E+00   3.132613236197022E-01   8.361144520701352E+05
  5.071631984427426E-01   2.206518953785133E+00   2.699547104317648E-01   8.361144520701352E+05
  5.297800370454496E-01   2.204824611477840E+00   2.236894427369163E-01   8.361144520701352E+05
  5.471439286812323E-01   2.202443343163532E+00   1.752117680738689E-01   8.361144520701352E+05
  5.596557844069424E-01   2.199390993722533E+00   1.252802649541485E-01   8.361144520701352E+05
  5.679526586850526E-01   2.195694934285996E+00   7.452203826328956E-02   8.361144520701352E+05
  5.726973522970601E-01   2.191514882588869E+00   2.335998900067958E-02   8.361144520701352E+05
  5.743703898876426E-01   2.187197576479614E+00  -2.797218706085200E-02   8.361144520701352E+05
  5.731298485286224E-01   2.183229253948597E+00  -7.934325114131541E-02   8.361144520701352E+05
  5.687848002418385E-01   2.180093263813379E+00  -1.306077906289113E-01   8.361144520701352E+05
  5.608923007128741E-01   2.178082530679732E+00  -1.815113693665689E-01   8.361144520701352E+05
  5.489472279992833E-01   2.177141013975007E+00  -2.316592709939626E-01   8.361144520701352E+05
  5.326024538933453E-01   2.176804268520115E+00  -2.805647341236643E-01   8.361144520701352E+05
  5.118450519615898E-01   2.176276966205775E+00  -3.277601446449827E-01   8.361144520701352E+05
  4.870673063482650E-01   2.174635876271664E+00  -3.729278250517687E-01   8.361144520701352E+05
  4.590055593021009E-01   2.171098364277847E+00  -4.159961791859041E-01   8.361144520701352E+05
  4.285642991329192E-01   2.165267313810028E+00  -4.571567198264400E-01   8.361144520701352E+05
  3.965823460956378E-01   2.157265300792417E+00  -4.967851115484863E-01   8.361144520701352E+05
  3.636188073290989E-01   2.147704532371743E+00  -5.352852563361516E-01   8.361144520701352E+05
  3.298310374183966E-01   2.137493516310164E+00  -5.729066201506099E-01   8.361144520701352E+05
  2.949865212554009E-01   2.127537771135259E+00  -6.095995914090739E-01   8.361144520701352E+05
  2.586054615530752E-01   2.118430070921485E+00  -6.449653499537775E-01   8.361144520701352E+05
  2.201863294817355E-01   2.110231779477075E+00  -6.783272262315476E-01   8.361144520701352E+05
  1.794381768709765E-01   2.102418030237272E+00  -7.089093170162624E-01   8.361144520701352E+05
  1.364411555263885E-01   2.094005458493573E+00  -7.360693316032887E-01   8.361144520701352E+05
  9.168146291803908E-02   2.083820510510603E+00  -7.595101996144497E-01   8.361144520701352E+05
  4.595036103610806E-02   2.070820069248912E+00  -7.793976311178515E-01   8.361144520701352E+05
  1.439219254840405E-04   2.054360206353311E+00  -7.963388564508138E-01   8.361144520701352E+05
 -4.496567576240295E-02   2.034328520815100E+00  -8.112225708979973E-01   8.361144520701352E+05
 -8.890711269949240E-02   2.011103457173773E+00  -8.249668691842430E-01   8.361144520701352E+05
 -1.315736998035064E-01   1.985363090801862E+00  -8.382546571090213E-01   8.361144520701352E+05
 -1.731527199757660E-01   1.957815384217101E+00  -8.513429674079825E-01   8.361144520701352E+05
 -2.139466572051149E-01   1.928944922130216E+00  -8.640105764785148E-01   8.361144520701352E+05
 -2.541507690491409E-01   1.898860455123890E+00  -8.756639469043546E-01   8.361144520701352E+05
 -2.936667896259016E-01   1.867288172859544E+00  -8.855692389177776E-01   8.361144520701352E+05
 -3.320197428189282E-01   1.833702502579953E+00  -8.931354053365131E-01   8.361144520701352E+05
 -3.684084945187833E-01   1.797538816195409E+00  -8.981547994611720E-01   8.361144520701352E+05
 -4.018736382350050E-01   1.758407438755229E+00  -9.009199810643713E-01   8.361144520701352E+05
 -4.315251404547207E-01   1.716233784047285E+00  -9.021749114621392E-01   8.361144520701352E+05
 -4.567512632520501E-01   1.671281918963470E+00  -9.029126920252912E-01   8.361144520701352E+05
 -4.773368275837993E-01   1.624065176086708E+00  -9.040826536516180E-01   8.361144520701352E+05
 -4.934504253756987E-01   1.575189717209039E+00  -9.063001517091065E-01   8.361144520701352E+05
 -5.055055911451397E-01   1.525199412169386E+00  -9.096526827293092E-01   8.361144520701352E+05
 -5.139443801514508E-01   1.474485190477732E+00  -9.136657728868572E-01   8.361144520701352E+05
 -5.190183390232086E-01   1.423292017090976E+00  -9.174414174606181E-01   8.361144520701352E+05
 -5.206426215018247E-01   1.371814137892173E+00  -9.199273033243115E-01   8.361144520701352E+05
 -5.183741210039664E-01   1.320331150888141E+00  -9.202343615687361E-01   8.361144520701352E+05
 -5.115228333974918E-01   1.269318822482476E+00  -9.179063099839304E-01   8.361144520701352E+05
 -4.993615666870967E-01   1.219476817257166E+00  -9.130616636516365E-01   8.361144520701352E+05
 -4.813673230637720E-01   1.171647664157463E+00  -9.063699735298095E-01   8.361144520701352E+05
 -4.574183169553989E-01   1.126645090168368E+00  -8.988757131413214E-01   8.361144520701352E+05
 -4.278859262308073E-01   1.085048436406145E+00  -8.917282438377662E-01   8.361144520701352E+05
 -3.935949085065356E-01   1.047038118484012E+00  -8.859004466034075E-01   8.361144520701352E+05
 -3.556661364708335E-01   1.012337394421491E+00  -8.819751930729496E-01   8.361144520701352E+05
 -3.152905667957272E-01   9.802908914875966E-01  -8.800505874387096E-01   8.361144520701352E+05
 -2.735008102558131E-01   9.500627300570116E-01  -8.797727598432157E-01   8.361144520701352E+05
 -2.310033670076170E-01   9.208939568912144E-01  -8.804639699761463E-01   8.361144520701352E+05
 -1.881132146872535E-01   8.923362567359874E-01  -8.812877294596015E-01   8.361144520701352E+05
 -1.448012734798145E-01   8.643851695430489E-01  -8.813894980676507E-01   8.361144520701352E+05
 -1.008346914081303E-01   8.374694310118663E-01  -8.799707556593772E-01   8.361144520701352E+05
 -5.596867590523642E-02   8.123018506051491E-01  -8.762874995217939E-01   8.361144520701352E+05
 -1.014125457367803E-02   7.896440069918044E-01  -8.695984309412524E-01   8.361144520701352E+05
  3.637171093747384E-02   7.700653211305268E-01  -8.591103977876194E-01   8.361144520701352E+05
  8.286928674782935E-02   7.537768215937375E-01  -8.439709220037338E-01   8.361144520701352E+05
  1.282168511844633E-01   7.405914920786173E-01  -8.233392589584974E-01   8.361144520701352E+05
  1.709124123224495E-01   7.300169456683733E-01  -7.965353694393742E-01   8.361144520701352E+05
  2.092147494433376E-01   7.214390371047896E-01  -7.632323106477469E-01   8.361144520701352E+05
  2.413154804868698E-01   7.143238304145266E-01  -7.236343352303004E-01   8.361144520701352E+05
  2.655347019195149E-01   7.083611035514310E-01  -6.785790443904717E-01   8.361144520701352E+05
  2.805174761734489E-01   7.034964855150132E-01  -6.295190623981961E-01   8.361144520701352E+05
  2.854055726180432E-01   6.998424060027594E-01  -5.783713402468862E-01   8.361144520701352E+05
  2.799571491588615E-01   6.975044645617924E-01  -5.272595542663362E-01   8.361144520701352E+05
  2.645895833338200E-01   6.963926646585381E-01  -4.782049466179372E-01   8.361144520701352E+05
  2.403301620456895E-01   6.960942592154161E-01  -4.328340089644713E-01   8.361144520701352E+05
  2.086762501905647E-01   6.958639908005902E-01  -3.921642417655151E-01   8.361144520701352E+05
  1.713878767927465E-01   6.947456844886575E-01  -3.565053047109513E-01   8.361144520701352E+05
  1.302553322239199E-01   6.917912991349133E-01  -3.254810298550802E-01   8.361144520701352E+05
  8.689514181546491E-02   6.863066381611942E-01  -2.981488191031429E-01   8.361144520701352E+05
  4.262412074979793E-02   6.780401026895370E-01  -2.731758016820764E-01   8.361144520701352E+05
 -1.558148235179908E-03   6.672468904411071E-01  -2.490297300521864E-01   8.361144520701352E+05
 -4.487888192867994E-02   6.546007039032695E-01  -2.241548043416085E-01   8.361144520701352E+05
 -8.662744621725306E-02   6.409750743709546E-01  -1.971213749153323E-01   8.361144520701352E+05
 -1.259750098764242E-01   6.271601343669450E-01  -1.667547602660856E-01   8.361144520701352E+05
 -1.618442529278002E-01   6.136036097696844E-01  -1.322548804718406E-01   8.361144520701352E+05
 -1.928808757251761E-01   6.002594855649482E-01  -9.331228925990606E-02   8.361144520701352E+05
 -2.175469325400260E-01   5.865960450355157E-01  -5.021047015934758E-02   8.361144520701352E+05
 -2.343165365616591E-01   5.717670387523788E-01  -3.886574700318473E-03   8.361144520701352E+05
 -2.419204732050464E-01   5.549007011449757E-01   4.408752409932036E-02   8.361144520701352E+05
 -2.395695924842076E-01   5.354261574490237E-01   9.163754957607591E-02   8.361144520701352E+05
 -2.270936904077318E-01   5.133455996082393E-01   1.364447813641922E-01   8.361144520701352E+05
 -2.049608876546620E-01   4.893759163041538E-01   1.763078297414969E-01   8.361144520701352E+05
 -1.741824344326413E-01   4.649197321502410E-01   2.095495019211230E-01   8.361144520701352E+05
 -1.361451015232022E-01   4.418717675847209E-01   2.353828047592031E-01   8.361144520701352E+05
 -9.243418750317940E-02   4.223087979511053E-01   2.541434426890757E-01   8.361144520701352E+05
 -4.470674233373487E-02   4.081390089310745E-01   2.673154598495118E-01   8.361144520701352E+05
  5.352154167039185E-03   4.007929805006276E-01   2.773196148021844E-01   8.361144520701352E+05
  5.599744858924587E-02   4.010238776435261E-01   2.870907028409628E-01   8.361144520701352E+05
  1.053621521115469E-01   4.088541952259455E-01   2.995253442200533E-01   0.000000000000000E+00 6 RotatedCurve15 
end 
